0.000000000000000000e+00,0.000000000000000000e+00,7.135108336586398125e+09
6.006006006006005954e-02,1.728796895730159521e+09,7.054253997860143661e+09
1.201201201201201191e-01,2.417182788450706959e+09,6.974315892466653824e+09
1.801801801801801717e-01,2.926884899564154625e+09,6.895283637740838051e+09
2.402402402402402382e-01,3.341377421553878784e+09,6.817146968672934532e+09
3.003003003003003046e-01,3.693440112122222424e+09,6.739895736575253487e+09
3.603603603603603434e-01,4.000112501173228264e+09,6.663519907764024734e+09
4.204204204204204376e-01,4.271654530650669575e+09,6.588009562256188393e+09
4.804804804804804763e-01,4.514842626552684784e+09,6.513354892480942726e+09
5.405405405405405705e-01,4.734448527363387108e+09,6.439546202005906105e+09
6.006006006006006093e-01,4.933994555068677902e+09,6.366573904277706146e+09
6.606606606606606480e-01,5.116176632448402405e+09,6.294428521376838684e+09
7.207207207207206867e-01,5.283118251211871147e+09,6.223100682786643028e+09
7.807807807807807254e-01,5.436531465579913139e+09,6.152581124176221848e+09
8.408408408408408752e-01,5.577823516608971596e+09,6.082860686197154045e+09
9.009009009009009139e-01,5.708170042761186600e+09,6.013930313293848038e+09
9.609609609609609526e-01,5.828566892781902313e+09,5.945781052527362823e+09
1.021021021021021102e+00,5.939867752434007645e+09,5.878404052412576675e+09
1.081081081081081141e+00,6.042812083330492020e+09,5.811790561768517494e+09
1.141141141141141180e+00,6.138046274007881165e+09,5.745931928581725121e+09
1.201201201201201219e+00,6.226139927471386909e+09,5.680819598882493019e+09
1.261261261261261257e+00,6.307598594438068390e+09,5.616445115633857727e+09
1.321321321321321296e+00,6.382873863079423904e+09,5.552800117633150101e+09
1.381381381381381335e+00,6.452371451553180695e+09,5.489876338426023483e+09
1.441441441441441373e+00,6.516457770129140854e+09,5.427665605232769012e+09
1.501501501501501412e+00,6.575465295511528015e+09,5.366159837886805534e+09
1.561561561561561451e+00,6.629697012476861000e+09,5.305351047785197258e+09
1.621621621621621712e+00,6.679430115327372551e+09,5.245231336851061821e+09
1.681681681681681750e+00,6.724919116175967216e+09,5.185792896507741928e+09
1.741741741741741789e+00,6.766398473594181061e+09,5.127028006664592743e+09
1.801801801801801828e+00,6.804084830197322845e+09,5.068929034714270592e+09
1.861861861861861867e+00,6.838178928926333427e+09,5.011488434541378021e+09
1.921921921921921905e+00,6.868867263451411247e+09,4.954698745542350769e+09
1.981981981981981944e+00,6.896323507094054222e+09,4.898552591656439781e+09
2.042042042042042205e+00,6.920709756101546288e+09,4.843042680407685280e+09
2.102102102102102243e+00,6.942177616402853012e+09,4.788161801957740784e+09
2.162162162162162282e+00,6.960869157682790756e+09,4.733902828169429779e+09
2.222222222222222321e+00,6.976917754402749062e+09,4.680258711680919647e+09
2.282282282282282360e+00,6.990448830026185989e+09,4.627222484990380287e+09
2.342342342342342398e+00,7.001580517990328789e+09,4.574787259551022530e+09
2.402402402402402437e+00,7.010424250762011528e+09,4.522946224876383781e+09
2.462462462462462476e+00,7.017085286517516136e+09,4.471692647655754089e+09
2.522522522522522515e+00,7.021663181511223793e+09,4.421019870879636765e+09
2.582582582582582553e+00,7.024252214981122971e+09,4.370921312975101471e+09
2.642642642642642592e+00,7.024941772430722237e+09,4.321390466950952530e+09
2.702702702702702631e+00,7.023816692286852837e+09,4.272420899552566051e+09
2.762762762762762669e+00,7.020957580230178833e+09,4.224006250426325321e+09
2.822822822822822708e+00,7.016441094904576302e+09,4.176140231293506145e+09
2.882882882882882747e+00,7.010340208213478088e+09,4.128816625133534431e+09
2.942942942942942786e+00,7.002724442989188194e+09,4.082029285376498222e+09
3.003003003003002824e+00,6.993660090462359428e+09,4.035772135104800224e+09
3.063063063063062863e+00,6.983210409652840614e+09,3.990039166263874054e+09
3.123123123123122902e+00,6.971435810540780067e+09,3.944824438881828785e+09
3.183183183183182940e+00,6.958394022651927948e+09,3.900122080297942638e+09
3.243243243243243423e+00,6.944140250496891022e+09,3.855926284399906635e+09
3.303303303303303462e+00,6.928727317136504173e+09,3.812231310869694710e+09
3.363363363363363501e+00,6.912205797000065804e+09,3.769031484437997818e+09
3.423423423423423539e+00,6.894624138956802368e+09,3.726321194147091389e+09
3.483483483483483578e+00,6.876028780530802727e+09,3.684094892622071266e+09
3.543543543543543617e+00,6.856464254053383827e+09,3.642347095350328922e+09
3.603603603603603656e+00,6.835973285462516785e+09,3.601072379969212055e+09
3.663663663663663694e+00,6.814596886384870529e+09,3.560265385561739922e+09
3.723723723723723733e+00,6.792374440070831299e+09,3.519920811960312843e+09
3.783783783783783772e+00,6.769343781695347786e+09,3.480033419058303356e+09
3.843843843843843811e+00,6.745541273486571312e+09,3.440598026129449844e+09
3.903903903903903849e+00,6.721001875099191666e+09,3.401609511154967785e+09
3.963963963963963888e+00,6.695759209609399796e+09,3.363062810158280373e+09
4.024024024024024371e+00,6.669845625472752571e+09,3.324952916547288418e+09
4.084084084084084409e+00,6.643292254754532814e+09,3.287274880464100838e+09
4.144144144144144448e+00,6.616129067913834572e+09,3.250023808142119408e+09
4.204204204204204487e+00,6.588384925397335052e+09,3.213194861270426750e+09
4.264264264264264526e+00,6.560087626275866508e+09,3.176783256365361691e+09
4.324324324324324564e+00,6.531263954136671066e+09,3.140784264149227142e+09
4.384384384384384603e+00,6.501939720425762177e+09,3.105193208936026573e+09
4.444444444444444642e+00,6.472139805418418884e+09,3.070005468024178505e+09
4.504504504504504681e+00,6.441888196980829239e+09,3.035216471096090317e+09
4.564564564564564719e+00,6.411208027272592545e+09,3.000821699624558926e+09
4.624624624624624758e+00,6.380121607527496338e+09,2.966816686285880566e+09
4.684684684684684797e+00,6.348650461039027214e+09,2.933197014379620075e+09
4.744744744744744835e+00,6.316815354467082977e+09,2.899958317254952431e+09
4.804804804804804874e+00,6.284636327573225021e+09,2.867096277743506432e+09
4.864864864864864913e+00,6.252132721483596802e+09,2.834606627598633766e+09
4.924924924924924952e+00,6.219323205571075439e+09,2.802485146941033840e+09
4.984984984984984990e+00,6.186225803041363716e+09,2.770727663710657120e+09
5.045045045045045029e+00,6.152857915301497459e+09,2.739330053124825001e+09
5.105105105105105068e+00,6.119236345183479309e+09,2.708288237142487526e+09
5.165165165165165106e+00,6.085377319090507507e+09,2.677598183934547901e+09
5.225225225225225145e+00,6.051296508128518105e+09,2.647255907360198975e+09
5.285285285285285184e+00,6.017009048281267166e+09,2.617257466449184895e+09
5.345345345345345223e+00,5.982529559683218002e+09,2.587598964889929771e+09
5.405405405405405261e+00,5.947872165040744781e+09,2.558276550523477077e+09
5.465465465465465300e+00,5.913050507248737335e+09,2.529286414843152046e+09
5.525525525525525339e+00,5.878077766246524811e+09,2.500624792499898911e+09
5.585585585585585378e+00,5.842966675154198647e+09,2.472287960813221455e+09
5.645645645645645416e+00,5.807729535727670670e+09,2.444272239287672997e+09
5.705705705705705455e+00,5.772378233168323517e+09,2.416573989134809971e+09
5.765765765765765494e+00,5.736924250320873260e+09,2.389189612800583363e+09
5.825825825825825532e+00,5.701378681290902138e+09,2.362115553498066425e+09
5.885885885885885571e+00,5.665752244511549950e+09,2.335348294745488167e+09
5.945945945945945610e+00,5.630055295287086487e+09,2.308884359909501553e+09
6.006006006006005649e+00,5.594297837839324951e+09,2.282720311753621101e+09
6.066066066066065687e+00,5.558489536881339073e+09,2.256852751991784573e+09
6.126126126126125726e+00,5.522639728741437912e+09,2.231278320846970081e+09
6.186186186186185765e+00,5.486757432059008598e+09,2.205993696614813805e+09
6.246246246246245803e+00,5.450851358072620392e+09,2.180995595232179165e+09
6.306306306306305842e+00,5.414929920519505501e+09,2.156280769850601196e+09
6.366366366366365881e+00,5.379001245164605141e+09,2.131846010414584875e+09
6.426426426426426808e+00,5.343073178976098061e+09,2.107688143244659662e+09
6.486486486486486847e+00,5.307153298963679314e+09,2.083804030625180483e+09
6.546546546546546885e+00,5.271248920694678307e+09,2.060190570396782160e+09
6.606606606606606924e+00,5.235367106502464294e+09,2.036844695553459406e+09
6.666666666666666963e+00,5.199514673400740623e+09,2.013763373844216347e+09
6.726726726726727001e+00,5.163698200716563225e+09,1.990943607379223824e+09
6.786786786786787040e+00,5.127924037454324722e+09,1.968382432240441322e+09
6.846846846846847079e+00,5.092198309402191162e+09,1.946076918096655130e+09
6.906906906906907118e+00,5.056526925991997719e+09,1.924024167822871685e+09
6.966966966966967156e+00,5.020915586922941208e+09,1.902221317124030828e+09
7.027027027027027195e+00,4.985369788558928490e+09,1.880665534162978888e+09
7.087087087087087234e+00,4.949894830108967781e+09,1.859354019192660809e+09
7.147147147147147273e+00,4.914495819599411011e+09,1.838284004192475319e+09
7.207207207207207311e+00,4.879177679646590233e+09,1.817452752508756876e+09
7.267267267267267350e+00,4.843945153037772179e+09,1.796857558499325275e+09
7.327327327327327389e+00,4.808802808128161430e+09,1.776495747182072163e+09
7.387387387387387427e+00,4.773755044061136246e+09,1.756364673887517691e+09
7.447447447447447466e+00,4.738806095818700790e+09,1.736461723915314436e+09
7.507507507507507505e+00,4.703960039108721733e+09,1.716784312194640636e+09
7.567567567567567544e+00,4.669220795095210075e+09,1.697329882948439121e+09
7.627627627627627582e+00,4.634592134977691650e+09,1.678095909361464262e+09
7.687687687687687621e+00,4.600077684425321579e+09,1.659079893252090931e+09
7.747747747747747660e+00,4.565680927871233940e+09,1.640279364747838736e+09
7.807807807807807698e+00,4.531405212672329903e+09,1.621691881964577198e+09
7.867867867867867737e+00,4.497253753139442444e+09,1.603315030689364195e+09
7.927927927927927776e+00,4.463229634442678452e+09,1.585146424066879511e+09
7.987987987987987815e+00,4.429335816396435738e+09,1.567183702289408445e+09
8.048048048048048742e+00,4.395575137128460884e+09,1.549424532290344715e+09
8.108108108108108780e+00,4.361950316637096405e+09,1.531866607441160679e+09
8.168168168168168819e+00,4.328463960240672112e+09,1.514507647251813412e+09
8.228228228228228858e+00,4.295118561922883987e+09,1.497345397074546337e+09
8.288288288288288896e+00,4.261916507577764988e+09,1.480377627811048031e+09
8.348348348348348935e+00,4.228860078157773972e+09,1.463602135622927189e+09
8.408408408408408974e+00,4.195951452728300095e+09,1.447016741645469666e+09
8.468468468468469013e+00,4.163192711431849003e+09,1.430619291704641104e+09
8.528528528528529051e+00,4.130585838364936352e+09,1.414407656037292719e+09
8.588588588588589090e+00,4.098132724370656013e+09,1.398379729014539242e+09
8.648648648648649129e+00,4.065835169749776840e+09,1.382533428868274212e+09
8.708708708708709167e+00,4.033694886893036366e+09,1.366866697420778751e+09
8.768768768768769206e+00,4.001713502837289810e+09,1.351377499817400694e+09
8.828828828828829245e+00,3.969892561747992516e+09,1.336063824262258768e+09
8.888888888888889284e+00,3.938233527330426216e+09,1.320923681756941557e+09
8.948948948948949322e+00,3.906737785172009945e+09,1.305955105842171192e+09
9.009009009009009361e+00,3.875406645017872810e+09,1.291156152342389822e+09
9.069069069069069400e+00,3.844241342981886864e+09,1.276524899113245249e+09
9.129129129129129439e+00,3.813243043695164680e+09,1.262059445791932344e+09
9.189189189189189477e+00,3.782412842394048691e+09,1.247757913550370216e+09
9.249249249249249516e+00,3.751751766949470520e+09,1.233618444851170540e+09
9.309309309309309555e+00,3.721260779839517593e+09,1.219639203206372738e+09
9.369369369369369593e+00,3.690940780067004204e+09,1.205818372938917637e+09
9.429429429429429632e+00,3.660792605023708344e+09,1.192154158946816206e+09
9.489489489489489671e+00,3.630817032302951813e+09,1.178644786469997644e+09
9.549549549549549710e+00,3.601014781462084293e+09,1.165288500859796047e+09
9.609609609609609748e+00,3.571386515736410618e+09,1.152083567351049662e+09
9.669669669669669787e+00,3.541932843706016541e+09,1.139028270836782932e+09
9.729729729729729826e+00,3.512654320916931152e+09,1.126120915645441771e+09
9.789789789789789864e+00,3.483551451457979202e+09,1.113359825320655823e+09
9.849849849849849903e+00,3.454624689494649887e+09,1.100743342403488398e+09
9.909909909909909942e+00,3.425874440761259556e+09,1.088269828217165709e+09
9.969969969969969981e+00,3.397301064012639046e+09,1.075937662654234886e+09
1.003003003003003002e+01,3.368904872436524868e+09,1.063745243966139793e+09
1.009009009009009006e+01,3.340686135027823925e+09,1.051690988555180311e+09
1.015015015015015010e+01,3.312645077925834179e+09,1.039773330768827558e+09
1.021021021021021014e+01,3.284781885715515614e+09,1.027990722696372271e+09
1.027027027027027017e+01,3.257096702693837643e+09,1.016341633967874289e+09
1.033033033033033021e+01,3.229589634102206707e+09,1.004824551555395126e+09
1.039039039039039025e+01,3.202260747325941563e+09,9.934379795764776468e+08
1.045045045045045029e+01,3.175110073061733246e+09,9.821804390998558998e+08
1.051051051051051033e+01,3.148137606454000473e+09,9.710504679533669949e+08
1.057057057057057037e+01,3.121343308201013088e+09,9.600466205340368748e+08
1.063063063063063041e+01,3.094727105631623745e+09,9.491674676203203201e+08
1.069069069069069045e+01,3.068288893753462791e+09,9.384115961864708662e+08
1.075075075075075048e+01,3.042028536273333549e+09,9.277776092190066576e+08
1.081081081081081052e+01,3.015945866590633869e+09,9.172641255352652073e+08
1.087087087087087056e+01,2.990040688764530182e+09,9.068697796040091515e+08
1.093093093093093060e+01,2.964312778455580711e+09,8.965932213680639267e+08
1.099099099099099064e+01,2.938761883842555523e+09,8.864331160689706802e+08
1.105105105105105068e+01,2.913387726515087605e+09,8.763881440736192465e+08
1.111111111111111072e+01,2.888190002342836857e+09,8.664570007028511763e+08
1.117117117117117076e+01,2.863168382321802616e+09,8.566383960620030165e+08
1.123123123123123079e+01,2.838322513398383617e+09,8.469310548733690977e+08
1.129129129129129083e+01,2.813652019271811008e+09,8.373337163105639219e+08
1.135135135135135087e+01,2.789156501175507069e+09,8.278451338347610235e+08
1.141141141141141091e+01,2.764835538637966633e+09,8.184640750327892303e+08
1.147147147147147095e+01,2.740688690223661423e+09,8.091893214570598602e+08
1.153153153153153099e+01,2.716715494254542828e+09,8.000196684673115015e+08
1.159159159159159103e+01,2.692915469512634277e+09,7.909539250741472244e+08
1.165165165165165106e+01,2.669288115924207211e+09,7.819909137843424082e+08
1.171171171171171110e+01,2.645832915226044655e+09,7.731294704479094744e+08
1.177177177177177114e+01,2.622549331614241600e+09,7.643684441068919897e+08
1.183183183183183118e+01,2.599436812376020908e+09,7.557066968458763361e+08
1.189189189189189122e+01,2.576494788504981518e+09,7.471431036441918612e+08
1.195195195195195126e+01,2.553722675300232887e+09,7.386765522297904491e+08
1.201201201201201130e+01,2.531119872949828625e+09,7.303059429347810745e+08
1.207207207207207134e+01,2.508685767098891735e+09,7.220301885525997877e+08
1.213213213213213137e+01,2.486419729402841568e+09,7.138482141967986822e+08
1.219219219219219141e+01,2.464321118066105366e+09,7.057589571614367962e+08
1.225225225225225145e+01,2.442389278366677761e+09,6.977613667830518484e+08
1.231231231231231149e+01,2.420623543166893005e+09,6.898544043041946888e+08
1.237237237237237153e+01,2.399023233410773754e+09,6.820370427385121584e+08
1.243243243243243157e+01,2.377587658608283043e+09,6.743082667373598814e+08
1.249249249249249161e+01,2.356316117306819439e+09,6.666670724579218626e+08
1.255255255255255165e+01,2.335207897550281525e+09,6.591124674328296185e+08
1.261261261261261168e+01,2.314262277326013088e+09,6.516434704412566423e+08
1.267267267267267172e+01,2.293478524999937534e+09,6.442591113814731836e+08
1.273273273273273176e+01,2.272855899740170479e+09,6.369584311448457241e+08
1.279279279279279180e+01,2.252393651929419041e+09,6.297404814912642241e+08
1.285285285285285362e+01,2.232091023566430092e+09,6.226043249259822369e+08
1.291291291291291365e+01,2.211947248656773090e+09,6.155490345778499842e+08
1.297297297297297369e+01,2.191961553593219757e+09,6.085736940789294243e+08
1.303303303303303373e+01,2.172133157525986671e+09,6.016773974454734325e+08
1.309309309309309377e+01,2.152461272723082542e+09,5.948592489602520466e+08
1.315315315315315381e+01,2.132945104921018124e+09,5.881183630562144518e+08
1.321321321321321385e+01,2.113583853666108131e+09,5.814538642014670372e+08
1.327327327327327389e+01,2.094376712646616459e+09,5.748648867855577469e+08
1.333333333333333393e+01,2.075322870015936852e+09,5.683505750070452690e+08
1.339339339339339396e+01,2.056421508707073212e+09,5.619100827623448372e+08
1.345345345345345400e+01,2.037671806738605738e+09,5.555425735358346701e+08
1.351351351351351404e+01,2.019072937512359619e+09,5.492472202912039757e+08
1.357357357357357408e+01,2.000624070102983952e+09,5.430232053640353680e+08
1.363363363363363412e+01,1.982324369539642334e+09,5.368697203556036353e+08
1.369369369369369416e+01,1.964172997080001354e+09,5.307859660278777480e+08
1.375375375375375420e+01,1.946169110476707697e+09,5.247711521997122169e+08
1.381381381381381424e+01,1.928311864236544371e+09,5.188244976442155838e+08
1.387387387387387427e+01,1.910600409872445345e+09,5.129452299872829318e+08
1.393393393393393431e+01,1.893033896148526192e+09,5.071325856072748303e+08
1.399399399399399435e+01,1.875611469318327665e+09,5.013858095358372331e+08
1.405405405405405439e+01,1.858332273356417656e+09,4.957041553598414063e+08
1.411411411411411443e+01,1.841195450183529377e+09,4.900868851244392991e+08
1.417417417417417447e+01,1.824200139885373116e+09,4.845332692372132540e+08
1.423423423423423451e+01,1.807345480925296545e+09,4.790425863734140992e+08
1.429429429429429455e+01,1.790630610350935936e+09,4.736141233822737336e+08
1.435435435435435458e+01,1.774054663994993687e+09,4.682471751943773031e+08
1.441441441441441462e+01,1.757616776670307159e+09,4.629410447300863862e+08
1.447447447447447466e+01,1.741316082359323263e+09,4.576950428089997768e+08
1.453453453453453470e+01,1.725151714398140192e+09,4.525084880604407191e+08
1.459459459459459474e+01,1.709122805655219316e+09,4.473807068349564672e+08
1.465465465465465478e+01,1.693228488704924107e+09,4.423110331168233156e+08
1.471471471471471482e+01,1.677467895995996714e+09,4.372988084375417233e+08
1.477477477477477485e+01,1.661840160015093088e+09,4.323433817903112769e+08
1.483483483483483489e+01,1.646344413445509672e+09,4.274441095454764962e+08
1.489489489489489493e+01,1.630979789321203470e+09,4.226003553669284582e+08
1.495495495495495497e+01,1.615745421176232100e+09,4.178114901294569373e+08
1.501501501501501501e+01,1.600640443189711571e+09,4.130768918370350003e+08
1.507507507507507505e+01,1.585663990326417923e+09,4.083959455420331955e+08
1.513513513513513509e+01,1.570815198473121643e+09,4.037680432653480172e+08
1.519519519519519513e+01,1.556093204570766687e+09,3.991925839174340963e+08
1.525525525525525516e+01,1.541497146742595673e+09,3.946689732202332020e+08
1.531531531531531520e+01,1.527026164418318748e+09,3.901966236299874783e+08
1.537537537537537524e+01,1.512679398454414129e+09,3.857749542609260678e+08
1.543543543543543528e+01,1.498455991250671148e+09,3.814033908098179698e+08
1.549549549549549532e+01,1.484355086863047361e+09,3.770813654813793302e+08
1.555555555555555536e+01,1.470375831112950325e+09,3.728083169145267010e+08
1.561561561561561540e+01,1.456517371693007469e+09,3.685836901094636917e+08
1.567567567567567544e+01,1.442778858269428730e+09,3.644069363555969000e+08
1.573573573573573547e+01,1.429159442581042051e+09,3.602775131602669954e+08
1.579579579579579551e+01,1.415658278535066605e+09,3.561948841782873273e+08
1.585585585585585555e+01,1.402274522299727917e+09,3.521585191422817707e+08
1.591591591591591559e+01,1.389007332393769741e+09,3.481678937938109636e+08
1.597597597597597563e+01,1.375855869772957802e+09,3.442224898152809739e+08
1.603603603603603744e+01,1.362819297913627625e+09,3.403217947626203895e+08
1.609609609609609748e+01,1.349896782893370152e+09,3.364653019987237453e+08
1.615615615615615752e+01,1.337087493468912840e+09,3.326525106276467443e+08
1.621621621621621756e+01,1.324390601151261806e+09,3.288829254295481443e+08
1.627627627627627760e+01,1.311805280278187037e+09,3.251560567963686585e+08
1.633633633633633764e+01,1.299330708084099531e+09,3.214714206682386994e+08
1.639639639639639768e+01,1.286966064767397404e+09,3.178285384706076384e+08
1.645645645645645772e+01,1.274710533555333138e+09,3.142269370520836115e+08
1.651651651651651775e+01,1.262563300766468763e+09,3.106661486229792833e+08
1.657657657657657779e+01,1.250523555870781898e+09,3.071457106945539117e+08
1.663663663663663783e+01,1.238590491547468662e+09,3.036651660189429522e+08
1.669669669669669787e+01,1.226763303740514994e+09,3.002240625297693014e+08
1.675675675675675791e+01,1.215041191712080002e+09,2.968219532834270597e+08
1.681681681681681795e+01,1.203423358093755245e+09,2.934583964010308981e+08
1.687687687687687799e+01,1.191909008935743809e+09,2.901329550110234618e+08
1.693693693693693803e+01,1.180497353754016876e+09,2.868451971924317479e+08
1.699699699699699806e+01,1.169187605575499773e+09,2.835946959187690020e+08
1.705705705705705810e+01,1.157978980981327772e+09,2.803810290025697947e+08
1.711711711711711814e+01,1.146870700148233175e+09,2.772037790405551195e+08
1.717717717717717818e+01,1.135861986888099670e+09,2.740625333594187498e+08
1.723723723723723822e+01,1.124952068685732841e+09,2.709568839622269869e+08
1.729729729729729826e+01,1.114140176734898806e+09,2.678864274754270613e+08
1.735735735735735830e+01,1.103425545972661018e+09,2.648507650964550674e+08
1.741741741741741833e+01,1.092807415112076998e+09,2.618495025419385135e+08
1.747747747747747837e+01,1.082285026673274517e+09,2.588822499964843988e+08
1.753753753753753841e+01,1.071857627012970090e+09,2.559486220620492399e+08
1.759759759759759845e+01,1.061524466352455020e+09,2.530482377078821361e+08
1.765765765765765849e+01,1.051284798804092884e+09,2.501807202210344076e+08
1.771771771771771853e+01,1.041137882396368861e+09,2.473456971574313343e+08
1.777777777777777857e+01,1.031082979097524405e+09,2.445428002934971154e+08
1.783783783783783861e+01,1.021119354837818623e+09,2.417716655783294439e+08
1.789789789789789864e+01,1.011246279530444145e+09,2.390319330864143074e+08
1.795795795795795868e+01,1.001463027091140985e+09,2.363232469708777070e+08
1.801801801801801872e+01,9.917688754565393925e+08,2.336452554172676802e+08
1.807807807807807876e+01,9.821631066012593508e+08,2.309976105978580117e+08
1.813813813813813880e+01,9.726450065538114309e+08,2.283799686264720857e+08
1.819819819819819884e+01,9.632138654113156796e+08,2.257919895138170421e+08
1.825825825825825888e+01,9.538689773530845642e+08,2.232333371233252287e+08
1.831831831831831892e+01,9.446096406530895233e+08,2.207036791274949908e+08
1.837837837837837895e+01,9.354351576913429499e+08,2.182026869647266865e+08
1.843843843843843899e+01,9.263448349642314911e+08,2.157300357966485620e+08
1.849849849849849903e+01,9.173379830938179493e+08,2.132854044659245908e+08
1.855855855855855907e+01,9.084139168361488581e+08,2.108684754545419514e+08
1.861861861861861911e+01,8.995719550885884762e+08,2.084789348425702751e+08
1.867867867867867915e+01,8.908114208962121010e+08,2.061164722673889995e+08
1.873873873873873919e+01,8.821316414572741985e+08,2.037807808833754957e+08
1.879879879879879923e+01,8.735319481277889013e+08,2.014715573220513761e+08
1.885885885885885926e+01,8.650116764252396822e+08,1.991885016526800096e+08
1.891891891891891930e+01,8.565701660314424038e+08,1.969313173433096111e+08
1.897897897897897934e+01,8.482067607945886850e+08,1.946997112222593427e+08
1.903903903903903938e+01,8.399208087304908037e+08,1.924933934400404692e+08
1.909909909909909942e+01,8.317116620230513811e+08,1.903120774317101836e+08
1.915915915915915946e+01,8.235786770239770412e+08,1.881554798796508610e+08
1.921921921921921950e+01,8.155212142517611980e+08,1.860233206767719686e+08
1.927927927927927954e+01,8.075386383899554014e+08,1.839153228901289701e+08
1.933933933933933957e+01,7.996303182847489119e+08,1.818312127249537110e+08
1.939939939939939961e+01,7.917956269418764114e+08,1.797707194890929461e+08
1.945945945945945965e+01,7.840339415228782892e+08,1.777335755578506589e+08
1.951951951951951969e+01,7.763446433407223225e+08,1.757195163392267227e+08
1.957957957957957973e+01,7.687271178548151255e+08,1.737282802395513952e+08
1.963963963963963977e+01,7.611807546654195786e+08,1.717596086295084357e+08
1.969969969969969981e+01,7.537049475074914694e+08,1.698132458105434477e+08
1.975975975975975985e+01,7.462990942439563274e+08,1.678889389816524982e+08
1.981981981981981988e+01,7.389625968584446907e+08,1.659864382065474093e+08
1.987987987987987992e+01,7.316948614474990368e+08,1.641054963811935484e+08
1.993993993993993996e+01,7.244952982122700214e+08,1.622458692017143369e+08
2.000000000000000000e+01,7.173633214497191906e+08,1.604073151326605082e+08
2.006006006006006004e+01,7.102983495433418751e+08,1.585895953756385446e+08
2.012012012012012008e+01,7.032998049534258842e+08,1.567924738382946849e+08
2.018018018018018012e+01,6.963671142068612576e+08,1.550157171036500931e+08
2.024024024024024015e+01,6.894997078865129948e+08,1.532590943997839987e+08
2.030030030030030019e+01,6.826970206201779842e+08,1.515223775698602498e+08
2.036036036036036023e+01,6.759584910691286325e+08,1.498053410424931049e+08
2.042042042042042027e+01,6.692835619162671566e+08,1.481077618024494350e+08
2.048048048048048031e+01,6.626716798538969755e+08,1.464294193616825044e+08
2.054054054054054035e+01,6.561222955711295605e+08,1.447700957306944132e+08
2.060060060060060039e+01,6.496348637409311533e+08,1.431295753902223706e+08
2.066066066066066043e+01,6.432088430068305731e+08,1.415076452632465065e+08
2.072072072072072046e+01,6.368436959692952633e+08,1.399040946873147190e+08
2.078078078078078050e+01,6.305388891717854738e+08,1.383187153871806562e+08
2.084084084084084054e+01,6.242938930865038633e+08,1.367513014477525651e+08
2.090090090090090058e+01,6.181081820998452902e+08,1.352016492873478234e+08
2.096096096096096062e+01,6.119812344975627661e+08,1.336695576312515140e+08
2.102102102102102066e+01,6.059125324496558905e+08,1.321548274855735600e+08
2.108108108108108070e+01,5.999015619949953556e+08,1.306572621114028692e+08
2.114114114114114074e+01,5.939478130256930590e+08,1.291766669992543757e+08
2.120120120120120077e+01,5.880507792712234259e+08,1.277128498438047916e+08
2.126126126126126081e+01,5.822099582823144197e+08,1.262656205189159811e+08
2.132132132132132085e+01,5.764248514146091938e+08,1.248347910529403239e+08
2.138138138138138089e+01,5.706949638121079206e+08,1.234201756043058336e+08
2.144144144144144093e+01,5.650198043904082775e+08,1.220215904373791814e+08
2.150150150150150097e+01,5.593988858197416067e+08,1.206388538986009061e+08
2.156156156156156101e+01,5.538317245078169107e+08,1.192717863928913176e+08
2.162162162162162105e+01,5.483178405824879408e+08,1.179202103603246957e+08
2.168168168168168108e+01,5.428567578742408752e+08,1.165839502530667186e+08
2.174174174174174112e+01,5.374480038985149860e+08,1.152628325125733465e+08
2.180180180180180116e+01,5.320911098378695846e+08,1.139566855470490754e+08
2.186186186186186120e+01,5.267856105239937305e+08,1.126653397091594338e+08
2.192192192192192124e+01,5.215310444195755720e+08,1.113886272739968151e+08
2.198198198198198128e+01,5.163269536000314355e+08,1.101263824172952771e+08
2.204204204204204132e+01,5.111728837351102829e+08,1.088784411938934177e+08
2.210210210210210136e+01,5.060683840703681111e+08,1.076446415164396763e+08
2.216216216216216139e+01,5.010130074085326791e+08,1.064248231343406886e+08
2.222222222222222143e+01,4.960063100907515883e+08,1.052188276129463613e+08
2.228228228228228147e+01,4.910478519777443409e+08,1.040264983129730076e+08
2.234234234234234151e+01,4.861371964308477640e+08,1.028476803701571077e+08
2.240240240240240155e+01,4.812739102929780483e+08,1.016822206751420200e+08
2.246246246246246159e+01,4.764575638695008159e+08,1.005299678535907269e+08
2.252252252252252163e+01,4.716877309090265036e+08,9.939077224652557075e+07
2.258258258258258167e+01,4.669639885841256976e+08,9.826448589088918269e+07
2.264264264264264170e+01,4.622859174719805717e+08,9.715096250032711029e+07
2.270270270270270174e+01,4.576531015349689126e+08,9.605005744618727267e+07
2.276276276276276178e+01,4.530651281011909842e+08,9.496162773873518407e+07
2.282282282282282182e+01,4.485215878449408412e+08,9.388553200858153403e+07
2.288288288288288186e+01,4.440220747671329975e+08,9.282163048832127452e+07
2.294294294294294190e+01,4.395661861756790876e+08,9.176978499437932670e+07
2.300300300300300194e+01,4.351535226658314466e+08,9.072985890906347334e+07
2.306306306306306197e+01,4.307836881004846692e+08,8.970171716281928122e+07
2.312312312312312201e+01,4.264562895904550552e+08,8.868522621668760478e+07
2.318318318318318205e+01,4.221709374747232795e+08,8.768025404495893419e+07
2.324324324324324209e+01,4.179272453006655574e+08,8.668667011802628636e+07
2.330330330330330213e+01,4.137248298042590022e+08,8.570434538543130457e+07
2.336336336336336217e+01,4.095633108902748823e+08,8.473315225910225511e+07
2.342342342342342221e+01,4.054423116124643683e+08,8.377296459678317606e+07
2.348348348348348225e+01,4.013614581537313461e+08,8.282365768564915657e+07
2.354354354354354228e+01,3.973203798063111305e+08,8.188510822610916197e+07
2.360360360360360232e+01,3.933187089519383311e+08,8.095719431579039991e+07
2.366366366366366236e+01,3.893560810420293808e+08,8.003979543370595574e+07
2.372372372372372240e+01,3.854321345778641105e+08,7.913279242460052669e+07
2.378378378378378244e+01,3.815465110907837749e+08,7.823606748347459733e+07
2.384384384384384248e+01,3.776988551223970652e+08,7.734950414028288424e+07
2.390390390390390252e+01,3.738888142048078775e+08,7.647298724480734766e+07
2.396396396396396256e+01,3.701160388408585191e+08,7.560640295170067251e+07
2.402402402402402259e+01,3.663801824843982458e+08,7.474963870569978654e+07
2.408408408408408263e+01,3.626809015205736160e+08,7.390258322700646520e+07
2.414414414414414267e+01,3.590178552461522222e+08,7.306512649683438241e+07
2.420420420420420271e+01,3.553907058498702049e+08,7.223715974311888218e+07
2.426426426426426275e+01,3.517991183928190470e+08,7.141857542638984323e+07
2.432432432432432279e+01,3.482427607888627052e+08,7.060926722580334544e+07
2.438438438438438283e+01,3.447213037850984931e+08,6.980913002533321083e+07
2.444444444444444287e+01,3.412344209423510432e+08,6.901805990011715889e+07
2.450450450450450290e+01,3.377817886157165766e+08,6.823595410295942426e+07
2.456456456456456294e+01,3.343630859351450205e+08,6.746271105098505318e+07
2.462462462462462298e+01,3.309779947860749364e+08,6.669823031244631112e+07
2.468468468468468302e+01,3.276261997901123166e+08,6.594241259367787093e+07
2.474474474474474306e+01,3.243073882857646346e+08,6.519515972620052099e+07
2.480480480480480310e+01,3.210212503092246652e+08,6.445637465397042781e+07
2.486486486486486314e+01,3.177674785752103329e+08,6.372596142077325284e+07
2.492492492492492318e+01,3.145457684578605890e+08,6.300382515776079148e+07
2.498498498498498321e+01,3.113558179716915488e+08,6.228987207112944126e+07
2.504504504504504325e+01,3.081973277526081800e+08,6.158400942993739992e+07
2.510510510510510329e+01,3.050700010389839411e+08,6.088614555406093597e+07
2.516516516516516333e+01,3.019735436527963281e+08,6.019618980228607357e+07
2.522522522522522337e+01,2.989076639808346629e+08,5.951405256053647399e+07
2.528528528528528341e+01,2.958720729559668899e+08,5.883964523023319989e+07
2.534534534534534345e+01,2.928664840384801030e+08,5.817288021678791940e+07
2.540540540540540349e+01,2.898906131974848509e+08,5.751367091822521389e+07
2.546546546546546352e+01,2.869441788923948407e+08,5.686193171393486857e+07
2.552552552552552356e+01,2.840269020544729829e+08,5.621757795355071872e+07
2.558558558558558360e+01,2.811385060684549809e+08,5.558052594595628977e+07
2.564564564564564719e+01,2.782787167542430162e+08,5.495069294841443002e+07
2.570570570570570723e+01,2.754472623486781120e+08,5.432799715582063794e+07
2.576576576576576727e+01,2.726438734873839021e+08,5.371235769007746130e+07
2.582582582582582731e+01,2.698682831866937876e+08,5.310369458959022164e+07
2.588588588588588735e+01,2.671202268256502450e+08,5.250192879888092726e+07
2.594594594594594739e+01,2.643994421280882359e+08,5.190698215832054615e+07
2.600600600600600742e+01,2.617056691447957754e+08,5.131877739397712052e+07
2.606606606606606746e+01,2.590386502357562780e+08,5.073723810757929832e+07
2.612612612612612750e+01,2.563981300524728894e+08,5.016228876659318060e+07
2.618618618618618754e+01,2.537838555203762054e+08,4.959385469441223145e+07
2.624624624624624758e+01,2.511955758213134706e+08,4.903186206065762043e+07
2.630630630630630762e+01,2.486330423761245906e+08,4.847623787158919126e+07
2.636636636636636766e+01,2.460960088273002207e+08,4.792690996062441915e+07
2.642642642642642770e+01,2.435842310217288435e+08,4.738380697896561027e+07
2.648648648648648773e+01,2.410974669935255647e+08,4.684685838633222133e+07
2.654654654654654777e+01,2.386354769469522834e+08,4.631599444179940969e+07
2.660660660660660781e+01,2.361980232394216657e+08,4.579114619473940879e+07
2.666666666666666785e+01,2.337848703645919561e+08,4.527224547586623579e+07
2.672672672672672789e+01,2.313957849355473816e+08,4.475922488838133216e+07
2.678678678678678793e+01,2.290305356680701971e+08,4.425201779922012985e+07
2.684684684684684797e+01,2.266888933640000224e+08,4.375055833039723337e+07
2.690690690690690801e+01,2.243706308946842551e+08,4.325478135045009851e+07
2.696696696696696804e+01,2.220755231845176220e+08,4.276462246597930789e+07
2.702702702702702808e+01,2.198033471945739985e+08,4.228001801328521967e+07
2.708708708708708812e+01,2.175538819063267708e+08,4.180090505009874701e+07
2.714714714714714816e+01,2.153269083054633141e+08,4.132722134740647674e+07
2.720720720720720820e+01,2.131222093657885194e+08,4.085890538136793673e+07
2.726726726726726824e+01,2.109395700332216620e+08,4.039589632532469183e+07
2.732732732732732828e+01,2.087787772098848522e+08,3.993813404190000892e+07
2.738738738738738832e+01,2.066396197382835448e+08,3.948555907518783212e+07
2.744744744744744835e+01,2.045218883855808675e+08,3.903811264303064346e+07
2.750750750750750839e+01,2.024253758279625177e+08,3.859573662938437611e+07
2.756756756756756843e+01,2.003498766350972652e+08,3.815837357677033544e+07
2.762762762762762847e+01,1.982951872546873689e+08,3.772596667881207168e+07
2.768768768768768851e+01,1.962611059971161485e+08,3.729845977285762131e+07
2.774774774774774855e+01,1.942474330201840103e+08,3.687579733268435299e+07
2.780780780780780859e+01,1.922539703139426112e+08,3.645792446128743887e+07
2.786786786786786863e+01,1.902805216856186986e+08,3.604478688374934345e+07
2.792792792792792866e+01,1.883268927446343303e+08,3.563633094019062072e+07
2.798798798798798870e+01,1.863928908877181709e+08,3.523250357880010456e+07
2.804804804804804874e+01,1.844783252841126621e+08,3.483325234894461185e+07
2.810810810810810878e+01,1.825830068608728945e+08,3.443852539435625821e+07
2.816816816816816882e+01,1.807067482882602215e+08,3.404827144639728218e+07
2.822822822822822886e+01,1.788493639652283788e+08,3.366243981740094721e+07
2.828828828828828890e+01,1.770106700050044954e+08,3.328098039408821240e+07
2.834834834834834894e+01,1.751904842207619548e+08,3.290384363105864450e+07
2.840840840840840897e+01,1.733886261113879979e+08,3.253098054435546696e+07
2.846846846846846901e+01,1.716049168473431468e+08,3.216234270510309935e+07
2.852852852852852905e+01,1.698391792566162646e+08,3.179788223321736604e+07
2.858858858858858909e+01,1.680912378107686937e+08,3.143755179118623585e+07
2.864864864864864913e+01,1.663609186110758483e+08,3.108130457792182639e+07
2.870870870870870917e+01,1.646480493747576773e+08,3.072909432268140092e+07
2.876876876876876921e+01,1.629524594213051200e+08,3.038087527905778959e+07
2.882882882882882924e+01,1.612739796588959694e+08,3.003660221903746948e+07
2.888888888888888928e+01,1.596124425709057450e+08,2.969623042712635547e+07
2.894894894894894932e+01,1.579676822025086582e+08,2.935971569454185292e+07
2.900900900900900936e+01,1.563395341473719478e+08,2.902701431347094476e+07
2.906906906906906940e+01,1.547278355344405472e+08,2.869808307139310986e+07
2.912912912912912944e+01,1.531324250148150623e+08,2.837287924546794221e+07
2.918918918918918948e+01,1.515531427487190366e+08,2.805136059698589519e+07
2.924924924924924952e+01,1.499898303925592601e+08,2.773348536588240415e+07
2.930930930930930955e+01,1.484423310860747993e+08,2.741921226531366631e+07
2.936936936936936959e+01,1.469104894395792484e+08,2.710850047629446164e+07
2.942942942942942963e+01,1.453941515212900341e+08,2.680130964239609241e+07
2.948948948948948967e+01,1.438931648447508216e+08,2.649759986450501904e+07
2.954954954954954971e+01,1.424073783563414812e+08,2.619733169564039633e+07
2.960960960960960975e+01,1.409366424228791893e+08,2.590046613583075255e+07
2.966966966966966979e+01,1.394808088193068802e+08,2.560696462704829127e+07
2.972972972972972983e+01,1.380397307164727747e+08,2.531678904820104688e+07
2.978978978978978986e+01,1.366132626689969897e+08,2.502990171018151566e+07
2.984984984984984990e+01,1.352012606032260060e+08,2.474626535097128898e+07
2.990990990990990994e+01,1.338035818052771538e+08,2.446584313080156222e+07
2.996996996996996998e+01,1.324200849091682583e+08,2.418859862736804038e+07
3.003003003003003002e+01,1.310506298850367665e+08,2.391449583110045642e+07
3.009009009009009006e+01,1.296950780274439603e+08,2.364349914048529044e+07
3.015015015015015010e+01,1.283532919437677264e+08,2.337557335744200647e+07
3.021021021021021014e+01,1.270251355426793694e+08,2.311068368275105581e+07
3.027027027027027017e+01,1.257104740227084011e+08,2.284879571153429896e+07
3.033033033033033021e+01,1.244091738608914018e+08,2.258987542878618091e+07
3.039039039039039025e+01,1.231211028015072942e+08,2.233388920495587960e+07
3.045045045045045029e+01,1.218461298448961675e+08,2.208080379157922789e+07
3.051051051051051033e+01,1.205841252363638133e+08,2.183058631696040928e+07
3.057057057057057037e+01,1.193349604551693946e+08,2.158320428190237284e+07
3.063063063063063041e+01,1.180985082035974115e+08,2.133862555548577011e+07
3.069069069069069045e+01,1.168746423961123526e+08,2.109681837089557946e+07
3.075075075075075048e+01,1.156632381485972553e+08,2.085775132129523158e+07
3.081081081081081052e+01,1.144641717676735520e+08,2.062139335574724898e+07
3.087087087087087056e+01,1.132773207401045263e+08,2.038771377518035844e+07
3.093093093093093060e+01,1.121025637222786993e+08,2.015668222840202972e+07
3.099099099099099064e+01,1.109397805297767967e+08,1.992826870815654472e+07
3.105105105105105068e+01,1.097888521270172447e+08,1.970244354722731560e+07
3.111111111111111072e+01,1.086496606169841737e+08,1.947917741458377615e+07
3.117117117117117076e+01,1.075220892310342193e+08,1.925844131157162413e+07
3.123123123123123079e+01,1.064060223187842071e+08,1.904020656814650074e+07
3.129129129129129083e+01,1.053013453380766809e+08,1.882444483915005997e+07
3.135135135135135087e+01,1.042079448450257927e+08,1.861112810062853247e+07
3.141141141141141091e+01,1.031257084841407239e+08,1.840022864619279653e+07
3.147147147147147095e+01,1.020545249785273522e+08,1.819171908341978490e+07
3.153153153153153099e+01,1.009942841201673746e+08,1.798557233029459789e+07
3.159159159159159103e+01,9.994487676027543843e+07,1.778176161169311777e+07
3.165165165165165106e+01,9.890619479973159730e+07,1.758026045590418950e+07
3.171171171171171110e+01,9.787813117959171534e+07,1.738104269119153544e+07
3.177177177177177114e+01,9.686057987167224288e+07,1.718408244239430875e+07
3.183183183183183118e+01,9.585343586921197176e+07,1.698935412756652385e+07
3.189189189189189122e+01,9.485659517760729790e+07,1.679683245465416089e+07
3.195195195195195126e+01,9.386995480522346497e+07,1.660649241821031272e+07
3.201201201201201485e+01,9.289341275427883863e+07,1.641830929614724033e+07
3.207207207207207489e+01,9.192686801180425286e+07,1.623225864652555250e+07
3.213213213213213493e+01,9.097022054067391157e+07,1.604831630437938124e+07
3.219219219219219497e+01,9.002337127071087062e+07,1.586645837857791036e+07
3.225225225225225500e+01,8.908622208986392617e+07,1.568666124872223102e+07
3.231231231231231504e+01,8.815867583545675874e+07,1.550890156207745336e+07
3.237237237237237508e+01,8.724063628550866246e+07,1.533315623053953238e+07
3.243243243243243512e+01,8.633200815012654662e+07,1.515940242763656564e+07
3.249249249249249516e+01,8.543269706296712160e+07,1.498761758556391485e+07
3.255255255255255520e+01,8.454260957277020812e+07,1.481777939225311205e+07
3.261261261261261524e+01,8.366165313496057689e+07,1.464986578847377189e+07
3.267267267267267528e+01,8.278973610332083702e+07,1.448385496496859193e+07
3.273273273273273531e+01,8.192676772173126042e+07,1.431972535962054133e+07
3.279279279279279535e+01,8.107265811598001420e+07,1.415745565465239622e+07
3.285285285285285539e+01,8.022731828563992679e+07,1.399702477385783009e+07
3.291291291291291543e+01,7.939066009601393342e+07,1.383841187986403704e+07
3.297297297297297547e+01,7.856259627014699578e+07,1.368159637142520025e+07
3.303303303303303551e+01,7.774304038090524077e+07,1.352655788074681722e+07
3.309309309309309555e+01,7.693190684312103689e+07,1.337327627084018290e+07
3.315315315315315559e+01,7.612911090580424666e+07,1.322173163290696964e+07
3.321321321321321562e+01,7.533456864441837370e+07,1.307190428375333920e+07
3.327327327327327566e+01,7.454819695322258770e+07,1.292377476323349029e+07
3.333333333333333570e+01,7.376991353767731786e+07,1.277732383172202483e+07
3.339339339339339574e+01,7.299963690691484511e+07,1.263253246761510149e+07
3.345345345345345578e+01,7.223728636627274752e+07,1.248938186485975049e+07
3.351351351351351582e+01,7.148278200989167392e+07,1.234785343051141500e+07
3.357357357357357586e+01,7.073604471337449551e+07,1.220792878231884539e+07
3.363363363363363590e+01,6.999699612650929391e+07,1.206958974633668736e+07
3.369369369369369593e+01,6.926555866605353355e+07,1.193281835456493311e+07
3.375375375375375597e+01,6.854165550857967138e+07,1.179759684261512570e+07
3.381381381381381601e+01,6.782521058338257670e+07,1.166390764740314521e+07
3.387387387387387605e+01,6.711614856544663012e+07,1.153173340486793406e+07
3.393393393393393609e+01,6.641439486847444624e+07,1.140105694771632738e+07
3.399399399399399613e+01,6.571987563797363639e+07,1.127186130319315009e+07
3.405405405405405617e+01,6.503251774440487474e+07,1.114412969087684527e+07
3.411411411411411621e+01,6.435224877638739347e+07,1.101784552049989440e+07
3.417417417417417624e+01,6.367899703396420926e+07,1.089299238979407772e+07
3.423423423423423628e+01,6.301269152192459255e+07,1.076955408235999942e+07
3.429429429429429632e+01,6.235326194318518788e+07,1.064751456556095928e+07
3.435435435435435636e+01,6.170063869222732633e+07,1.052685798844044097e+07
3.441441441441441640e+01,6.105475284859244525e+07,1.040756867966342904e+07
3.447447447447447644e+01,6.041553617043296248e+07,1.028963114548088796e+07
3.453453453453453648e+01,5.978292108812014759e+07,1.017303006771744974e+07
3.459459459459459651e+01,5.915684069790674001e+07,1.005775030178174004e+07
3.465465465465465655e+01,5.853722875564564764e+07,9.943776874699423090e+06
3.471471471471471659e+01,5.792401967056306452e+07,9.831094983168408275e+06
3.477477477477477663e+01,5.731714849908606708e+07,9.719689991636168212e+06
3.483483483483483667e+01,5.671655093872415274e+07,9.609547430398767814e+06
3.489489489489489671e+01,5.612216332200507075e+07,9.500652993721559644e+06
3.495495495495495675e+01,5.553392261046281457e+07,9.392992537981025875e+06
3.501501501501501679e+01,5.495176638867952675e+07,9.286552079827815294e+06
3.507507507507507682e+01,5.437563285837901384e+07,9.181317794370461255e+06
3.513513513513513686e+01,5.380546083257310838e+07,9.077276013379856944e+06
3.519519519519519690e+01,5.324118972975870967e+07,8.974413223513841629e+06
3.525525525525525694e+01,5.268275956816717237e+07,8.872716064562156796e+06
3.531531531531531698e+01,5.213011096006359905e+07,8.772171327711081132e+06
3.537537537537537702e+01,5.158318510609745979e+07,8.672765953827889636e+06
3.543543543543543706e+01,5.104192378970254213e+07,8.574487031764622778e+06
3.549549549549549710e+01,5.050626937154737115e+07,8.477321796681188047e+06
3.555555555555555713e+01,4.997616478403432667e+07,8.381257628387388773e+06
3.561561561561561717e+01,4.945155352584813535e+07,8.286282049703772180e+06
3.567567567567567721e+01,4.893237965655262023e+07,8.192382724841021933e+06
3.573573573573573725e+01,4.841858779123607278e+07,8.099547457797792740e+06
3.579579579579579729e+01,4.791012309520391375e+07,8.007764190776583739e+06
3.585585585585585733e+01,4.740693127871944755e+07,7.917021002617685124e+06
3.591591591591591737e+01,4.690895859179086983e+07,7.827306107250752859e+06
3.597597597597597741e+01,4.641615181900608540e+07,7.738607852164064534e+06
3.603603603603603744e+01,4.592845827441255748e+07,7.650914716890959069e+06
3.609609609609609748e+01,4.544582579644444585e+07,7.564215311513590626e+06
3.615615615615615752e+01,4.496820274289426208e+07,7.478498375183502212e+06
3.621621621621621756e+01,4.449553798593062162e+07,7.393752774659077637e+06
3.627627627627627760e+01,4.402778090716040879e+07,7.309967502859486267e+06
3.633633633633633764e+01,4.356488139273542911e+07,7.227131677435014397e+06
3.639639639639639768e+01,4.310678982850386947e+07,7.145234539353700355e+06
3.645645645645645772e+01,4.265345709520462900e+07,7.064265451503826305e+06
3.651651651651651775e+01,4.220483456370609254e+07,6.984213897312386893e+06
3.657657657657657779e+01,4.176087409028722346e+07,6.905069479379122145e+06
3.663663663663663783e+01,4.132152801196218282e+07,6.826821918126096949e+06
3.669669669669669787e+01,4.088674914184663445e+07,6.749461050462512299e+06
3.675675675675675791e+01,4.045649076456684619e+07,6.672976828464722261e+06
3.681681681681681795e+01,4.003070663171005994e+07,6.597359318071140908e+06
3.687687687687687799e+01,3.960935095731651038e+07,6.522598697791997343e+06
3.693693693693693803e+01,3.919237841341232508e+07,6.448685257433637977e+06
3.699699699699699806e+01,3.877974412558351457e+07,6.375609396837389097e+06
3.705705705705705810e+01,3.837140366858997941e+07,6.303361624632600695e+06
3.711711711711711814e+01,3.796731306201989949e+07,6.231932557003905997e+06
3.717717717717717818e+01,3.756742876598359644e+07,6.161312916472381912e+06
3.723723723723723822e+01,3.717170767684727907e+07,6.091493530690608546e+06
3.729729729729729826e+01,3.678010712300515920e+07,6.022465331251258962e+06
3.735735735735735830e+01,3.639258486069118977e+07,5.954219352509323508e+06
3.741741741741741833e+01,3.600909906982849538e+07,5.886746730417569168e+06
3.747747747747747837e+01,3.562960834991760552e+07,5.820038701375288889e+06
3.753753753753753841e+01,3.525407171596191823e+07,5.754086601090004668e+06
3.759759759759759845e+01,3.488244859443112463e+07,5.688881863452156074e+06
3.765765765765765849e+01,3.451469881926158071e+07,5.624416019422480837e+06
3.771771771771771853e+01,3.415078262789369375e+07,5.560680695932032540e+06
3.777777777777777857e+01,3.379066065734565258e+07,5.497667614794635214e+06
3.783783783783783861e+01,3.343429394032386690e+07,5.435368591631715186e+06
3.789789789789789864e+01,3.308164390136880428e+07,5.373775534809245728e+06
3.795795795795795868e+01,3.273267235303710774e+07,5.312880444386810996e+06
3.801801801801801872e+01,3.238734149211840704e+07,5.252675411078500561e+06
3.807807807807807876e+01,3.204561389588795975e+07,5.193152615225681104e+06
3.813813813813813880e+01,3.170745251839323342e+07,5.134304325781279244e+06
3.819819819819819884e+01,3.137282068677567318e+07,5.076122899305704050e+06
3.825825825825825888e+01,3.104168209762616828e+07,5.018600778974042274e+06
3.831831831831831892e+01,3.071400081337476149e+07,4.961730493594589643e+06
3.837837837837837895e+01,3.038974125871362165e+07,4.905504656638422050e+06
3.843843843843843899e+01,3.006886821705367789e+07,4.849915965280048549e+06
3.849849849849849903e+01,2.975134682701401785e+07,4.794957199448856525e+06
3.855855855855855907e+01,2.943714257894416153e+07,4.740621220891370438e+06
3.861861861861861911e+01,2.912622131147873774e+07,4.686900972244071774e+06
3.867867867867867915e+01,2.881854920812455192e+07,4.633789476116809063e+06
3.873873873873873919e+01,2.851409279387917742e+07,4.581279834186500870e+06
3.879879879879879923e+01,2.821281893188163638e+07,4.529365226301188581e+06
3.885885885885885926e+01,2.791469482009423152e+07,4.478038909594208002e+06
3.891891891891891930e+01,2.761968798801525310e+07,4.427294217608367093e+06
3.897897897897897934e+01,2.732776629342306405e+07,4.377124559430123307e+06
3.903903903903903938e+01,2.703889791915019602e+07,4.327523418833498843e+06
3.909909909909909942e+01,2.675305136988814548e+07,4.278484353433751501e+06
3.915915915915915946e+01,2.647019546902190894e+07,4.230000993850591592e+06
3.921921921921921950e+01,2.619029935549456254e+07,4.182067042880924419e+06
3.927927927927927954e+01,2.591333248070112243e+07,4.134676274680932052e+06
3.933933933933933957e+01,2.563926460541183501e+07,4.087822533957439940e+06
3.939939939939939961e+01,2.536806579672433063e+07,4.041499735168439336e+06
3.945945945945945965e+01,2.509970642504471540e+07,3.995701861732688267e+06
3.951951951951951969e+01,2.483415716109689698e+07,3.950422965248234104e+06
3.957957957957957973e+01,2.457138897296050936e+07,3.905657164719835855e+06
3.963963963963963977e+01,2.431137312313641608e+07,3.861398645795091055e+06
3.969969969969969981e+01,2.405408116564048082e+07,3.817641660009285435e+06
3.975975975975975985e+01,2.379948494312427193e+07,3.774380524038709234e+06
3.981981981981981988e+01,2.354755658402356505e+07,3.731609618962530978e+06
3.987987987987987992e+01,2.329826849973351508e+07,3.689323389532958157e+06
3.993993993993993996e+01,2.305159338181085512e+07,3.647516343453727663e+06
4.000000000000000000e+01,2.280750419920242950e+07,3.606183050666717347e+06
4.006006006006006004e+01,2.256597419550029188e+07,3.565318142646696419e+06
4.012012012012012008e+01,2.232697688622270897e+07,3.524916311704023276e+06
4.018018018018018012e+01,2.209048605612107739e+07,3.484972310295272153e+06
4.024024024024024015e+01,2.185647575651243702e+07,3.445480950341647957e+06
4.030030030030030019e+01,2.162492030263752118e+07,3.406437102555162273e+06
4.036036036036036023e+01,2.139579427104374394e+07,3.367835695772395935e+06
4.042042042042042027e+01,2.116907249699339643e+07,3.329671716295861173e+06
4.048048048048048031e+01,2.094473007189628482e+07,3.291940207242777571e+06
4.054054054054054035e+01,2.072274234076726437e+07,3.254636267901289277e+06
4.060060060060060039e+01,2.050308489970754832e+07,3.217755053093898110e+06
4.066066066066066043e+01,2.028573359341059253e+07,3.181291772548192646e+06
4.072072072072072046e+01,2.007066451269144937e+07,3.145241690274638124e+06
4.078078078078078050e+01,1.985785399204005674e+07,3.109600123951476999e+06
4.084084084084084054e+01,1.964727860719767585e+07,3.074362444316543173e+06
4.090090090090090058e+01,1.943891517275680974e+07,3.039524074566017836e+06
4.096096096096096062e+01,1.923274073978394270e+07,3.005080489759967662e+06
4.102102102102102066e+01,1.902873259346517920e+07,2.971027216234629508e+06
4.108108108108108070e+01,1.882686825077436492e+07,2.937359831021346617e+06
4.114114114114114074e+01,1.862712545816382766e+07,2.904073961272113957e+06
4.120120120120120077e+01,1.842948218927700445e+07,2.871165283691595308e+06
4.126126126126126081e+01,1.823391664268334955e+07,2.838629523975616787e+06
4.132132132132132085e+01,1.804040723963474482e+07,2.806462456255984027e+06
4.138138138138138089e+01,1.784893262184387073e+07,2.774659902551634703e+06
4.144144144144144093e+01,1.765947164928353578e+07,2.743217732225965243e+06
4.150150150150150097e+01,1.747200339800753817e+07,2.712131861450332217e+06
4.156156156156156101e+01,1.728650715799244121e+07,2.681398252673640382e+06
4.162162162162162105e+01,1.710296243100009486e+07,2.651012914097914007e+06
4.168168168168168108e+01,1.692134892846091837e+07,2.620971899159844499e+06
4.174174174174174112e+01,1.674164656937745214e+07,2.591271306018175557e+06
4.180180180180180116e+01,1.656383547824842483e+07,2.561907277046943083e+06
4.186186186186186120e+01,1.638789598301251978e+07,2.532875998334402684e+06
4.192192192192192124e+01,1.621380861301241629e+07,2.504173699187688064e+06
4.198198198198198128e+01,1.604155409697823040e+07,2.475796651643043384e+06
4.204204204204204132e+01,1.587111336103070527e+07,2.447741169981635641e+06
4.210210210210210136e+01,1.570246752670353651e+07,2.420003610250820871e+06
4.216216216216216139e+01,1.553559790898507088e+07,2.392580369790873956e+06
4.222222222222222143e+01,1.537048601437885873e+07,2.365467886767049320e+06
4.228228228228228147e+01,1.520711353898302279e+07,2.338662639706956688e+06
4.234234234234234151e+01,1.504546236658833735e+07,2.312161147043176461e+06
4.240240240240240155e+01,1.488551456679483503e+07,2.285959966661079787e+06
4.246246246246246159e+01,1.472725239314644784e+07,2.260055695451721083e+06
4.252252252252252163e+01,1.457065828128418326e+07,2.234444968869864009e+06
4.258258258258258167e+01,1.441571484711684100e+07,2.209124460496952292e+06
4.264264264264264170e+01,1.426240488500986621e+07,2.184090881609078031e+06
4.270270270270270174e+01,1.411071136599164642e+07,2.159340980749822687e+06
4.276276276276276178e+01,1.396061743597742915e+07,2.134871543307959102e+06
4.282282282282282182e+01,1.381210641401030123e+07,2.110679391099901404e+06
4.288288288288288186e+01,1.366516179051966220e+07,2.086761381956938654e+06
4.294294294294294190e+01,1.351976722559634410e+07,2.063114409317091806e+06
4.300300300300300194e+01,1.337590654728480056e+07,2.039735401821637526e+06
4.306306306306306197e+01,1.323356374989187531e+07,2.016621322916181758e+06
4.312312312312312201e+01,1.309272299231216870e+07,1.993769170456272317e+06
4.318318318318318205e+01,1.295336859636957943e+07,1.971175976317446679e+06
4.324324324324324209e+01,1.281548504517536238e+07,1.948838806009747554e+06
4.330330330330330213e+01,1.267905698150192946e+07,1.926754758296554908e+06
4.336336336336336217e+01,1.254406920617279969e+07,1.904920964817778440e+06
4.342342342342342221e+01,1.241050667646822520e+07,1.883334589717299212e+06
4.348348348348348225e+01,1.227835450454640202e+07,1.861992829274634132e+06
4.354354354354354228e+01,1.214759795588029735e+07,1.840892911540793022e+06
4.360360360360360232e+01,1.201822244770953245e+07,1.820032095978221856e+06
4.366366366366366236e+01,1.189021354750779271e+07,1.799407673104878981e+06
4.372372372372372240e+01,1.176355697146494687e+07,1.779016964142292505e+06
4.378378378378378244e+01,1.163823858298436739e+07,1.758857320667654043e+06
4.384384384384384248e+01,1.151424439119473100e+07,1.738926124269808643e+06
4.390390390390390252e+01,1.139156054947664589e+07,1.719220786209178390e+06
4.396396396396396256e+01,1.127017335400374420e+07,1.699738747081532842e+06
4.402402402402402259e+01,1.115006924229795299e+07,1.680477476485547377e+06
4.408408408408408263e+01,1.103123479179917462e+07,1.661434472694157390e+06
4.414414414414414267e+01,1.091365671844894439e+07,1.642607262329616351e+06
4.420420420420420271e+01,1.079732187528812140e+07,1.623993400042258902e+06
4.426426426426426275e+01,1.068221725106821954e+07,1.605590468192869099e+06
4.432432432432432279e+01,1.056832996887662075e+07,1.587396076538682682e+06
4.438438438438438283e+01,1.045564728477521427e+07,1.569407861922925105e+06
4.444444444444444287e+01,1.034415658645256795e+07,1.551623487967885332e+06
4.450450450450450290e+01,1.023384539188929833e+07,1.534040644771452527e+06
4.456456456456456294e+01,1.012470134803662449e+07,1.516657048607091187e+06
4.462462462462462298e+01,1.001671222950804420e+07,1.499470441627228633e+06
4.468468468468468302e+01,9.909865937283933163e+06,1.482478591570004355e+06
4.474474474474474306e+01,9.804150497428825125e+06,1.465679291469319258e+06
4.480480480480480310e+01,9.699554059821514413e+06,1.449070359368197853e+06
4.486486486486486314e+01,9.596064896897636354e+06,1.432649638035381213e+06
4.492492492492492318e+01,9.493671402404781431e+06,1.416414994685148587e+06
4.498498498498498321e+01,9.392362090169778094e+06,1.400364320700287586e+06
4.504504504504504325e+01,9.292125592878334224e+06,1.384495531358228996e+06
4.510510510510510329e+01,9.192950660866672173e+06,1.368806565560270334e+06
4.516516516516516333e+01,9.094826160925252363e+06,1.353295385563881602e+06
4.522522522522522337e+01,8.997741075114171952e+06,1.337959976718022255e+06
4.528528528528528341e+01,8.901684499590484425e+06,1.322798347201476572e+06
4.534534534534534345e+01,8.806645643447110429e+06,1.307808527764153667e+06
4.540540540540540349e+01,8.712613827563226223e+06,1.292988571471309057e+06
4.546546546546546352e+01,8.619578483466072008e+06,1.278336553450665204e+06
4.552552552552552356e+01,8.527529152204127982e+06,1.263850570642407518e+06
4.558558558558558360e+01,8.436455483231419697e+06,1.249528741552004358e+06
4.564564564564564364e+01,8.346347233303010464e+06,1.235369206005839864e+06
4.570570570570570368e+01,8.257194265381309204e+06,1.221370124909593957e+06
4.576576576576576372e+01,8.168986547553433105e+06,1.207529680009382777e+06
4.582582582582582376e+01,8.081714151959222741e+06,1.193846073655592510e+06
4.588588588588588379e+01,7.995367253730050288e+06,1.180317528569403570e+06
4.594594594594594383e+01,7.909936129938025959e+06,1.166942287611935753e+06
4.600600600600600387e+01,7.825411158555833623e+06,1.153718613556035096e+06
4.606606606606606391e+01,7.741782817426810972e+06,1.140644788860627916e+06
4.612612612612612395e+01,7.659041683245475404e+06,1.127719115447658813e+06
4.618618618618618399e+01,7.577178430547927506e+06,1.114939914481511340e+06
4.624624624624624403e+01,7.496183830712602474e+06,1.102305526150971884e+06
4.630630630630630407e+01,7.416048750970841385e+06,1.089814309453639667e+06
4.636636636636636410e+01,7.336764153427437879e+06,1.077464641982797300e+06
4.642642642642642414e+01,7.258321094090829603e+06,1.065254919716672041e+06
4.648648648648648418e+01,7.180710721913115121e+06,1.053183556810107548e+06
4.654654654654654422e+01,7.103924277839622460e+06,1.041248985388592002e+06
4.660660660660660426e+01,7.027953093867907301e+06,1.029449655344606843e+06
4.666666666666666430e+01,6.952788592116268352e+06,1.017784034136299393e+06
4.672672672672672434e+01,6.878422283901501447e+06,1.006250606588427210e+06
4.678678678678678438e+01,6.804845768825969659e+06,9.948478746955689276e+05
4.684684684684684441e+01,6.732050733873671852e+06,9.835743574275452411e+05
4.690690690690690445e+01,6.660028952515507117e+06,9.724285905370669207e+05
4.696696696696696449e+01,6.588772283823399805e+06,9.614091263695454691e+05
4.702702702702702453e+01,6.518272671593434177e+06,9.505145336750805145e+05
4.708708708708708457e+01,6.448522143477547914e+06,9.397433974225430284e+05
4.714714714714714461e+01,6.379512810124166310e+06,9.290943186157998862e+05
4.720720720720720465e+01,6.311236864327320829e+06,9.185659141120013082e+05
4.726726726726726469e+01,6.243686580184388906e+06,9.081568164419395616e+05
4.732732732732732472e+01,6.176854312262172811e+06,8.978656736324277008e+05
4.738738738738738476e+01,6.110732494771470316e+06,8.876911490307059139e+05
4.744744744744744480e+01,6.045313640749855898e+06,8.776319211308291415e+05
4.750750750750750484e+01,5.980590341252737679e+06,8.676866834020310780e+05
4.756756756756756488e+01,5.916555264552449808e+06,8.578541441190174082e+05
4.762762762762762492e+01,5.853201155345487408e+06,8.481330261941984063e+05
4.768768768768768496e+01,5.790520833967659622e+06,8.385220670118122362e+05
4.774774774774774500e+01,5.728507195617172867e+06,8.290200182639365084e+05
4.780780780780780503e+01,5.667153209585507400e+06,8.196256457883501425e+05
4.786786786786786507e+01,5.606451918496000580e+06,8.103377294082328444e+05
4.792792792792792511e+01,5.546396437550168484e+06,8.011550627736867173e+05
4.798798798798798515e+01,5.486979953781598248e+06,7.920764532050556736e+05
4.804804804804804519e+01,5.428195725317292847e+06,7.831007215380059788e+05
4.810810810810810523e+01,5.370037080646540038e+06,7.742267019703793339e+05
4.816816816816816527e+01,5.312497417897094972e+06,7.654532419107694877e+05
4.822822822822822530e+01,5.255570204118724912e+06,7.567792018288261024e+05
4.828828828828828534e+01,5.199248974573881365e+06,7.482034551072391914e+05
4.834834834834834538e+01,5.143527332035616972e+06,7.397248878954154206e+05
4.840840840840840542e+01,5.088398946092542261e+06,7.313423989648049464e+05
4.846846846846846546e+01,5.033857552460839972e+06,7.230548995658739004e+05
4.852852852852852550e+01,4.979896952303149737e+06,7.148613132866860833e+05
4.858858858858858554e+01,4.926511011554400437e+06,7.067605759130984079e+05
4.864864864864864558e+01,4.873693660254455172e+06,6.987516352905394742e+05
4.870870870870870561e+01,4.821438891887454316e+06,6.908334511873486917e+05
4.876876876876876565e+01,4.769740762727846391e+06,6.830049951596650062e+05
4.882882882882882569e+01,4.718593391193071380e+06,6.752652504178520758e+05
4.888888888888888573e+01,4.667990957202749327e+06,6.676132116944317240e+05
4.894894894894894577e+01,4.617927701544395648e+06,6.600478851135200821e+05
4.900900900900900581e+01,4.568397925245486200e+06,6.525682880617330084e+05
4.906906906906906585e+01,4.519395988951938227e+06,6.451734490605632309e+05
4.912912912912912589e+01,4.470916312312897295e+06,6.378624076402052306e+05
4.918918918918918592e+01,4.422953373371670954e+06,6.306342142147979466e+05
4.924924924924924596e+01,4.375501707962925546e+06,6.234879299590946175e+05
4.930930930930930600e+01,4.328555909115930088e+06,6.164226266865213402e+05
4.936936936936936604e+01,4.282110626463908702e+06,6.094373867286259774e+05
4.942942942942942608e+01,4.236160565659287386e+06,6.025313028158791130e+05
4.948948948948948612e+01,4.190700487794996239e+06,5.957034779598446330e+05
4.954954954954954616e+01,4.145725208831511438e+06,5.889530253366654506e+05
4.960960960960960620e+01,4.101229599029832520e+06,5.822790681718884734e+05
4.966966966966966623e+01,4.057208582390114199e+06,5.756807396265788702e+05
4.972972972972972627e+01,4.013657136096064467e+06,5.691571826847351622e+05
4.978978978978978631e+01,3.970570289964949712e+06,5.627075500419752207e+05
4.984984984984984635e+01,3.927943125903229695e+06,5.563310039954888634e+05
4.990990990990990639e+01,3.885770777367645409e+06,5.500267163352279458e+05
4.996996996996996643e+01,3.844048428831869271e+06,5.437938682363396510e+05
5.003003003003002647e+01,3.802771315258516464e+06,5.376316501528114313e+05
5.009009009009008651e+01,3.761934721576580778e+06,5.315392617123291129e+05
5.015015015015014654e+01,3.721533982164115179e+06,5.255159116123151034e+05
5.021021021021020658e+01,3.681564480336236767e+06,5.195608175171546172e+05
5.027027027027026662e+01,3.642021647838300560e+06,5.136732059565808158e+05
5.033033033033032666e+01,3.602900964344304986e+06,5.078523122252206667e+05
5.039039039039038670e+01,3.564197956960266456e+06,5.020973802832604852e+05
5.045045045045044674e+01,3.525908199732795823e+06,4.964076626582569443e+05
5.051051051051050678e+01,3.488027313162593171e+06,4.907824203480490251e+05
5.057057057057056682e+01,3.450550963722955436e+06,4.852209227247775998e+05
5.063063063063062685e+01,3.413474863383123651e+06,4.797224474399829633e+05
5.069069069069068689e+01,3.376794769136552699e+06,4.742862803307874128e+05
5.075075075075074693e+01,3.340506482533956878e+06,4.689117153271352290e+05
5.081081081081080697e+01,3.304605849221144803e+06,4.635980543600888341e+05
5.087087087087086701e+01,3.269088758481523488e+06,4.583446072711558663e+05
5.093093093093092705e+01,3.233951142783314455e+06,4.531506917226525256e+05
5.099099099099098709e+01,3.199188977331371512e+06,4.480156331090768799e+05
5.105105105105104712e+01,3.164798279623595998e+06,4.429387644694919582e+05
5.111111111111110716e+01,3.130775109011823311e+06,4.379194264008926693e+05
5.117117117117116720e+01,3.097115566267281305e+06,4.329569669725664426e+05
5.123123123123122724e+01,3.063815793150397018e+06,4.280507416414114996e+05
5.129129129129129439e+01,3.030871971985077485e+06,4.232001131682269042e+05
5.135135135135135442e+01,2.998280325237296056e+06,4.184044515349431313e+05
5.141141141141141446e+01,2.966037115097985137e+06,4.136631338627910591e+05
5.147147147147147450e+01,2.934138643070223276e+06,4.089755443314027507e+05
5.153153153153153454e+01,2.902581249560618307e+06,4.043410740988246980e+05
5.159159159159159458e+01,2.871361313474902418e+06,3.997591212224423653e+05
5.165165165165165462e+01,2.840475251817610115e+06,3.952290905807925155e+05
5.171171171171171466e+01,2.809919519295905251e+06,3.907503937962696655e+05
5.177177177177177470e+01,2.779690607927458361e+06,3.863224491587067023e+05
5.183183183183183473e+01,2.749785046652297024e+06,3.819446815498161595e+05
5.189189189189189477e+01,2.720199400948676746e+06,3.776165223684943048e+05
5.195195195195195481e+01,2.690930272452878300e+06,3.733374094569693552e+05
5.201201201201201485e+01,2.661974298582885880e+06,3.691067870277862530e+05
5.207207207207207489e+01,2.633328152165916283e+06,3.649241055916161858e+05
5.213213213213213493e+01,2.604988541069799103e+06,3.607888218858897453e+05
5.219219219219219497e+01,2.576952207838103175e+06,3.567003988042345736e+05
5.225225225225225500e+01,2.549215929329036269e+06,3.526583053267157520e+05
5.231231231231231504e+01,2.521776516358007211e+06,3.486620164508620510e+05
5.237237237237237508e+01,2.494630813343893271e+06,3.447110131234784494e+05
5.243243243243243512e+01,2.467775697958918754e+06,3.408047821732287412e+05
5.249249249249249516e+01,2.441208080782142002e+06,3.369428162439849111e+05
5.255255255255255520e+01,2.414924904956471641e+06,3.331246137289266335e+05
5.261261261261261524e+01,2.388923145849234890e+06,3.293496787053925800e+05
5.267267267267267528e+01,2.363199810716212727e+06,3.256175208704673569e+05
5.273273273273273531e+01,2.337751938369146083e+06,3.219276554773004609e+05
5.279279279279279535e+01,2.312576598846639041e+06,3.182796032721447991e+05
5.285285285285285539e+01,2.287670893088439014e+06,3.146728904321076116e+05
5.291291291291291543e+01,2.263031952613089699e+06,3.111070485036104219e+05
5.297297297297297547e+01,2.238656939198895823e+06,3.075816143415457336e+05
5.303303303303303551e+01,2.214543044568133540e+06,3.040961300491185393e+05
5.309309309309309555e+01,2.190687490074553527e+06,3.006501429183756700e+05
5.315315315315315559e+01,2.167087526394066866e+06,2.972432053714047652e+05
5.321321321321321562e+01,2.143740433218645398e+06,2.938748749022035045e+05
5.327327327327327566e+01,2.120643518953330349e+06,2.905447140192021034e+05
5.333333333333333570e+01,2.097794120416397229e+06,2.872522901884423336e+05
5.339339339339339574e+01,2.075189602542584063e+06,2.839971757773972349e+05
5.345345345345345578e+01,2.052827358089406509e+06,2.807789479994305293e+05
5.351351351351351582e+01,2.030704807346449234e+06,2.775971888588808361e+05
5.357357357357357586e+01,2.008819397847693646e+06,2.744514850967719685e+05
5.363363363363363590e+01,1.987168604086803738e+06,2.713414281371384277e+05
5.369369369369369593e+01,1.965749927235331619e+06,2.682666140339568374e+05
5.375375375375375597e+01,1.944560894863826688e+06,2.652266434186791303e+05
5.381381381381381601e+01,1.923599060665842146e+06,2.622211214483624790e+05
5.387387387387387605e+01,1.902862004184766673e+06,2.592496577543844469e+05
5.393393393393393609e+01,1.882347330543494085e+06,2.563118663917426020e+05
5.399399399399399613e+01,1.862052670176849701e+06,2.534073657889234601e+05
5.405405405405405617e+01,1.841975678566811839e+06,2.505357786983444530e+05
5.411411411411411621e+01,1.822114035980442539e+06,2.476967321473546908e+05
5.417417417417417624e+01,1.802465447210549144e+06,2.448898573897937604e+05
5.423423423423423628e+01,1.783027641318982001e+06,2.421147898580945330e+05
5.429429429429429632e+01,1.763798371382623212e+06,2.393711691159335314e+05
5.435435435435435636e+01,1.744775414241986815e+06,2.366586388114171568e+05
5.441441441441441640e+01,1.725956570252395933e+06,2.339768466307943163e+05
5.447447447447447644e+01,1.707339663037769729e+06,2.313254442526999628e+05
5.453453453453453648e+01,1.688922539246907225e+06,2.287040873029106006e+05
5.459459459459459651e+01,1.670703068312340882e+06,2.261124353096187406e+05
5.465465465465465655e+01,1.652679142211636761e+06,2.235501516592085536e+05
5.471471471471471659e+01,1.634848675231195521e+06,2.210169035525363579e+05
5.477477477477477663e+01,1.617209603732479503e+06,2.185123619617052900e+05
5.483483483483483667e+01,1.599759885920671048e+06,2.160362015873307828e+05
5.489489489489489671e+01,1.582497501615703572e+06,2.135881008162875369e+05
5.495495495495495675e+01,1.565420452025681501e+06,2.111677416799385683e+05
5.501501501501501679e+01,1.548526759522635723e+06,2.087748098128356214e+05
5.507507507507507682e+01,1.531814467420610832e+06,2.064089944118894928e+05
5.513513513513513686e+01,1.515281639756026911e+06,2.040699881959995837e+05
5.519519519519519690e+01,1.498926361070340499e+06,2.017574873661446327e+05
5.525525525525525694e+01,1.482746736194938887e+06,1.994711915659229271e+05
5.531531531531531698e+01,1.466740890038289595e+06,1.972108038425437990e+05
5.537537537537537702e+01,1.450906967375245877e+06,1.949760306082540483e+05
5.543543543543543706e+01,1.435243132638585521e+06,1.927665816022083454e+05
5.549549549549549710e+01,1.419747569712681463e+06,1.905821698527680710e+05
5.555555555555555713e+01,1.404418481729330262e+06,1.884225116402297572e+05
5.561561561561561717e+01,1.389254090865671635e+06,1.862873264599723916e+05
5.567567567567567721e+01,1.374252638144228375e+06,1.841763369860259118e+05
5.573573573573573725e+01,1.359412383235005196e+06,1.820892690350500052e+05
5.579579579579579729e+01,1.344731604259655578e+06,1.800258515307239722e+05
5.585585585585585733e+01,1.330208597597656306e+06,1.779858164685358643e+05
5.591591591591591737e+01,1.315841677694515092e+06,1.759688988809747971e+05
5.597597597597597741e+01,1.301629176871959353e+06,1.739748368031147693e+05
5.603603603603603744e+01,1.287569445140099619e+06,1.720033712385912077e+05
5.609609609609609748e+01,1.273660850011540111e+06,1.700542461259604024e+05
5.615615615615615752e+01,1.259901776317411801e+06,1.681272083054409886e+05
5.621621621621621756e+01,1.246290626025330508e+06,1.662220074860330205e+05
5.627627627627627760e+01,1.232825818059245124e+06,1.643383962130102445e+05
5.633633633633633764e+01,1.219505788121138467e+06,1.624761298357778578e+05
5.639639639639639768e+01,1.206328988514603581e+06,1.606349664760976157e+05
5.645645645645645772e+01,1.193293887970239390e+06,1.588146669966710906e+05
5.651651651651651775e+01,1.180398971472872654e+06,1.570149949700808211e+05
5.657657657657657779e+01,1.167642740090559470e+06,1.552357166480806191e+05
5.663663663663663783e+01,1.155023710805380717e+06,1.534766009312362876e+05
5.669669669669669787e+01,1.142540416345987236e+06,1.517374193389093562e+05
5.675675675675675791e+01,1.130191405021898448e+06,1.500179459795819712e+05
5.681681681681681795e+01,1.117975240559505764e+06,1.483179575215156947e+05
5.687687687687687799e+01,1.105890501939794281e+06,1.466372331637449679e+05
5.693693693693693803e+01,1.093935783237768337e+06,1.449755546074002923e+05
5.699699699699699806e+01,1.082109693463507807e+06,1.433327060273519019e+05
5.705705705705705810e+01,1.070410856404917547e+06,1.417084740441792237e+05
5.711711711711711814e+01,1.058837910472094780e+06,1.401026476964560570e+05
5.717717717717717818e+01,1.047389508543327684e+06,1.385150184133507137e+05
5.723723723723723822e+01,1.036064317812682246e+06,1.369453799875347759e+05
5.729729729729729826e+01,1.024861019639192149e+06,1.353935285484009655e+05
5.735735735735735830e+01,1.013778309397611418e+06,1.338592625355833443e+05
5.741741741741741833e+01,1.002814896330729360e+06,1.323423826727786218e+05
5.747747747747747837e+01,9.919695034032112453e+05,1.308426919418621110e+05
5.753753753753753841e+01,9.812408671569755534e+05,1.293599955572991603e+05
5.759759759759759845e+01,9.706277375680716941e+05,1.278941009408452082e+05
5.765765765765765849e+01,9.601288779050585581e+05,1.264448176965339808e+05
5.771771771771771853e+01,9.497430645888394210e+05,1.250119575859463075e+05
5.777777777777777857e+01,9.394690870539889438e+05,1.235953345037631952e+05
5.783783783783783861e+01,9.293057476114942692e+05,1.221947644535915606e+05
5.789789789789789864e+01,9.192518613129575970e+05,1.208100655240681226e+05
5.795795795795795868e+01,9.093062558161899215e+05,1.194410578652303957e+05
5.801801801801801872e+01,8.994677712522264337e+05,1.180875636651581735e+05
5.807807807807807876e+01,8.897352600937183015e+05,1.167494071268778061e+05
5.813813813813813880e+01,8.801075870247087441e+05,1.154264144455303031e+05
5.819819819819819884e+01,8.705836288117534714e+05,1.141184137857953319e+05
5.825825825825825888e+01,8.611622741764015518e+05,1.128252352595736447e+05
5.831831831831831892e+01,8.518424236689989921e+05,1.115467109039207426e+05
5.837837837837837895e+01,8.426229895438178210e+05,1.102826746592321870e+05
5.843843843843843899e+01,8.335028956354787806e+05,1.090329623476738925e+05
5.849849849849849903e+01,8.244810772366753081e+05,1.077974116518588125e+05
5.855855855855855907e+01,8.155564809771680739e+05,1.065758620937641099e+05
5.861861861861861911e+01,8.067280647040569456e+05,1.053681550138889870e+05
5.867867867867867915e+01,7.979947973632798530e+05,1.041741335506453324e+05
5.873873873873873919e+01,7.893556588823747588e+05,1.029936426199852576e+05
5.879879879879879923e+01,7.808096400544549106e+05,1.018265288952576957e+05
5.885885885885885926e+01,7.723557424234045902e+05,1.006726407872946147e+05
5.891891891891891930e+01,7.639929781702632317e+05,9.953182842472070479e+04
5.897897897897897934e+01,7.557203700008114101e+05,9.840394363448841614e+04
5.903903903903903938e+01,7.475369510343250586e+05,9.728883992263232358e+04
5.909909909909909942e+01,7.394417646934991935e+05,9.618637245524249738e+04
5.915915915915915946e+01,7.314338645955142565e+05,9.509639803965203464e+04
5.921921921921921950e+01,7.235123144442513585e+05,9.401877510583926050e+04
5.927927927927927954e+01,7.156761879236317473e+05,9.295336368803973892e+04
5.933933933933933957e+01,7.079245685920774704e+05,9.190002540656765632e+04
5.939939939939939961e+01,7.002565497780649457e+05,9.085862344984142692e+04
5.945945945945945965e+01,6.926712344767884351e+05,8.982902255661517847e+04
5.951951951951951969e+01,6.851677352478954708e+05,8.881108899841005041e+04
5.957957957957957973e+01,6.777451741142913233e+05,8.780469056214467855e+04
5.963963963963963977e+01,6.704026824620130938e+05,8.680969653296338220e+04
5.969969969969969981e+01,6.631394009411444422e+05,8.582597767725806625e+04
5.975975975975975985e+01,6.559544793677764246e+05,8.485340622588350379e+04
5.981981981981981988e+01,6.488470766269842861e+05,8.389185585756129876e+04
5.987987987987987992e+01,6.418163605768325506e+05,8.294120168247330002e+04
5.993993993993993996e+01,6.348615079533801181e+05,8.200132022604031954e+04
6.000000000000000000e+01,6.279817042766861850e+05,8.107208941288520873e+04
