0.000000000000000000e+00,0.000000000000000000e+00,2.891092667346359253e+09
6.006006006006005954e-02,7.029692287526299953e+08,2.868424570028219700e+09
1.201201201201201191e-01,9.863538281351348162e+08,2.845934205731863499e+09
1.801801801801801717e-01,1.198560016353846550e+09,2.823620180911702633e+09
2.402402402402402382e-01,1.373126585172902107e+09,2.801481112948475361e+09
3.003003003003003046e-01,1.523165182606214762e+09,2.779515630063579082e+09
3.603603603603603434e-01,1.655461360456871986e+09,2.757722371234070778e+09
4.204204204204204376e-01,1.774082716718197107e+09,2.736099986108338833e+09
4.804804804804804763e-01,1.881703792149499416e+09,2.714647134922426224e+09
5.405405405405405705e-01,1.980199484083159208e+09,2.693362488417022705e+09
6.006006006006006093e-01,2.070947598314336538e+09,2.672244727755099297e+09
6.606606606606606480e-01,2.154998013812136650e+09,2.651292544440187454e+09
7.207207207207206867e-01,2.233174069184689999e+09,2.630504640235307217e+09
7.807807807807807254e-01,2.306136720718654633e+09,2.609879727082522392e+09
8.408408408408408752e-01,2.374426958601798058e+09,2.589416527023131371e+09
9.009009009009009139e-01,2.438494878804121971e+09,2.569113772118483067e+09
9.609609609609609526e-01,2.498720220713737011e+09,2.548970204371411324e+09
1.021021021021021102e+00,2.555427254295508862e+09,2.528984575648287773e+09
1.081081081081081141e+00,2.608895813628654003e+09,2.509155647601685524e+09
1.141141141141141180e+00,2.659369634072935104e+09,2.489482191593649864e+09
1.201201201201201219e+00,2.707062760071801662e+09,2.469962988619565010e+09
1.261261261261261257e+00,2.752164544896053791e+09,2.450596829232629299e+09
1.321321321321321296e+00,2.794843604596383572e+09,2.431382513468909264e+09
1.381381381381381335e+00,2.835250982945425987e+09,2.412318850772990227e+09
1.441441441441441373e+00,2.873522712635412693e+09,2.393404659924207211e+09
1.501501501501501412e+00,2.909781908554620266e+09,2.374638768963455677e+09
1.561561561561561451e+00,2.944140494171677589e+09,2.356020015120571136e+09
1.621621621621621712e+00,2.976700637174485683e+09,2.337547244742284298e+09
1.681681681681681750e+00,3.007555952453443527e+09,2.319219313220738888e+09
1.741741741741741789e+00,3.036792517237613201e+09,2.301035084922566891e+09
1.801801801801801828e+00,3.064489733302704811e+09,2.282993433118526459e+09
1.861861861861861867e+00,3.090721063721003056e+09,2.265093239913683414e+09
1.921921921921921905e+00,3.115554665953648567e+09,2.247333396178147793e+09
1.981981981981981944e+00,3.139053938727648735e+09,2.229712801478348732e+09
2.042042042042042205e+00,3.161277996759531021e+09,2.212230364008848667e+09
2.102102102102102243e+00,3.182282084743003368e+09,2.194885000524693966e+09
2.162162162162162282e+00,3.202117939932598114e+09,2.177675636274296284e+09
2.222222222222222321e+00,3.220834110998515606e+09,2.160601204932835102e+09
2.282282282282282360e+00,3.238476239502483845e+09,2.143660648536190033e+09
2.342342342342342398e+00,3.255087309276961803e+09,2.126852917415386915e+09
2.402402402402402437e+00,3.270707868125067711e+09,2.110176970131554604e+09
2.462462462462462476e+00,3.285376225553527355e+09,2.093631773411401033e+09
2.522522522522522515e+00,3.299128629673036575e+09,2.077216302083185434e+09
2.582582582582582553e+00,3.311999425924221992e+09,2.060929539013198376e+09
2.642642642642642592e+00,3.324021199893061161e+09,2.044770475042737722e+09
2.702702702702702631e+00,3.335224906151509285e+09,2.028738108925579548e+09
2.762762762762762669e+00,3.345639984784860611e+09,2.012831447265940189e+09
2.822822822822822708e+00,3.355294467037152767e+09,1.997049504456920624e+09
2.882882882882882747e+00,3.364215071311939716e+09,1.981391302619439363e+09
2.942942942942942786e+00,3.372427290601551056e+09,1.965855871541639328e+09
3.003003003003002824e+00,3.379955472278553963e+09,1.950442248618772268e+09
3.063063063063062863e+00,3.386822891064254761e+09,1.935149478793555021e+09
3.123123123123122902e+00,3.393051815887447357e+09,1.919976614496990442e+09
3.183183183183182940e+00,3.398663571259371758e+09,1.904922715589655161e+09
3.243243243243243423e+00,3.403678593715750694e+09,1.889986849303447485e+09
3.303303303303303462e+00,3.408116483811966896e+09,1.875168090183789492e+09
3.363363363363363501e+00,3.411996054101273060e+09,1.860465520032286644e+09
3.423423423423423539e+00,3.415335373477169514e+09,1.845878227849831104e+09
3.483483483483483578e+00,3.418151808218669891e+09,1.831405309780158758e+09
3.543543543543543617e+00,3.420462060040089130e+09,1.817045869053840160e+09
3.603603603603603656e+00,3.422282201414552212e+09,1.802799015932718277e+09
3.663663663663663694e+00,3.423627708412016869e+09,1.788663867654777288e+09
3.723723723723723733e+00,3.424513491267510891e+09,1.774639548379444599e+09
3.783783783783783772e+00,3.424953922873332024e+09,1.760725189133323431e+09
3.843843843843843811e+00,3.424962865369400501e+09,1.746919927756347895e+09
3.903903903903903849e+00,3.424553694988780499e+09,1.733222908848363400e+09
3.963963963963963888e+00,3.423739325300076485e+09,1.719633283716123819e+09
4.024024024024024371e+00,3.422532228974835396e+09,1.706150210320704460e+09
4.084084084084084409e+00,3.420944458195993423e+09,1.692772853225328922e+09
4.144144144144144448e+00,3.418987663812633991e+09,1.679500383543602705e+09
4.204204204204204487e+00,3.416673113336670399e+09,1.666331978888153076e+09
4.264264264264264526e+00,3.414011707868452072e+09,1.653266823319675684e+09
4.324324324324324564e+00,3.411013998030562401e+09,1.640304107296373606e+09
4.384384384384384603e+00,3.407690198982120991e+09,1.627443027623799086e+09
4.444444444444444642e+00,3.404050204579670906e+09,1.614682787405084372e+09
4.504504504504504681e+00,3.400103600745101452e+09,1.602022595991566181e+09
4.564564564564564719e+00,3.395859678095963478e+09,1.589461668933794737e+09
4.624624624624624758e+00,3.391327443888973713e+09,1.576999227932927608e+09
4.684684684684684797e+00,3.386515633323331833e+09,1.564634500792504787e+09
4.744744744744744835e+00,3.381432720246731281e+09,1.552366721370602846e+09
4.804804804804804874e+00,3.376086927303519249e+09,1.540195129532362461e+09
4.864864864864864913e+00,3.370486235561365604e+09,1.528118971102888584e+09
4.924924924924924952e+00,3.364638393649992466e+09,1.516137497820522547e+09
4.984984984984984990e+00,3.358550926442923546e+09,1.504249967290474892e+09
5.045045045045045029e+00,3.352231143310905933e+09,1.492455642938828707e+09
5.105105105105105068e+00,3.345686145973484039e+09,1.480753793966897964e+09
5.165165165165165106e+00,3.338922835973270416e+09,1.469143695305946112e+09
5.225225225225225145e+00,3.331947921795678139e+09,1.457624627572259665e+09
5.285285285285285184e+00,3.324767925655220985e+09,1.446195877022574902e+09
5.345345345345345223e+00,3.317389189968001366e+09,1.434856735509850740e+09
5.405405405405405261e+00,3.309817883528624058e+09,1.423606500439391851e+09
5.465465465465465300e+00,3.302060007408504009e+09,1.412444474725316048e+09
5.525525525525525339e+00,3.294121400591373444e+09,1.401369966747358322e+09
5.585585585585585378e+00,3.286007745360729218e+09,1.390382290308019638e+09
5.645645645645645416e+00,3.277724572452950478e+09,1.379480764590046406e+09
5.705705705705705455e+00,3.269277265988936901e+09,1.368664714114247799e+09
5.765765765765765494e+00,3.260671068196240425e+09,1.357933468697641373e+09
5.825825825825825532e+00,3.251911083932917595e+09,1.347286363411925793e+09
5.885885885885885571e+00,3.243002285023589611e+09,1.336722738542282343e+09
5.945945945945945610e+00,3.233949514417533398e+09,1.326241939546497107e+09
6.006006006006005649e+00,3.224757490178023815e+09,1.315843317014403582e+09
6.066066066066065687e+00,3.215430809311550140e+09,1.305526226627645493e+09
6.126126126126125726e+00,3.205973951445033073e+09,1.295290029119752407e+09
6.186186186186185765e+00,3.196391282358626366e+09,1.285134090236529827e+09
6.246246246246245803e+00,3.186687057381292820e+09,1.275057780696759939e+09
6.306306306306305842e+00,3.176865424655848980e+09,1.265060476153210402e+09
6.366366366366365881e+00,3.166930428279836655e+09,1.255141557153946877e+09
6.426426426426426808e+00,3.156886011328162193e+09,1.245300409103952885e+09
6.486486486486486847e+00,3.146736018763135910e+09,1.235536422227047443e+09
6.546546546546546885e+00,3.136484200237196922e+09,1.225848991528101444e+09
6.606606606606606924e+00,3.126134212793317318e+09,1.216237516755552053e+09
6.666666666666666963e+00,3.115689623467811584e+09,1.206701402364209414e+09
6.726726726726727001e+00,3.105153911799988747e+09,1.197240057478355408e+09
6.786786786786787040e+00,3.094530472252867699e+09,1.187852895855132580e+09
6.846846846846847079e+00,3.083822616548917770e+09,1.178539335848218918e+09
6.906906906906907118e+00,3.073033575924608707e+09,1.169298800371788025e+09
6.966966966966967156e+00,3.062166503307308674e+09,1.160130716864752054e+09
7.027027027027027195e+00,3.051224475417922497e+09,1.151034517255283356e+09
7.087087087087087234e+00,3.040210494802443027e+09,1.142009637925618410e+09
7.147147147147147273e+00,3.029127491795479298e+09,1.133055519677131891e+09
7.207207207207207311e+00,3.017978326418588638e+09,1.124171607695690155e+09
7.267267267267267350e+00,3.006765790216179848e+09,1.115357351517272711e+09
7.327327327327327389e+00,2.995492608031554699e+09,1.106612204993864059e+09
7.387387387387387427e+00,2.984161439725542545e+09,1.097935626259614706e+09
7.447447447447447466e+00,2.972774881840078831e+09,1.089327077697264433e+09
7.507507507507507505e+00,2.961335469208935261e+09,1.080786025904832602e+09
7.567567567567567544e+00,2.949845676517713070e+09,1.072311941662564516e+09
7.627627627627627582e+00,2.938307919815123558e+09,1.063904299900143743e+09
7.687687687687687621e+00,2.926724557977450371e+09,1.055562579664154410e+09
7.747747747747747660e+00,2.915097894128020763e+09,1.047286264085803866e+09
7.807807807807807698e+00,2.903430177013431072e+09,1.039074840348896146e+09
7.867867867867867737e+00,2.891723602338169098e+09,1.030927799658056259e+09
7.927927927927927776e+00,2.879980314059212685e+09,1.022844637207205415e+09
7.987987987987987815e+00,2.868202405642116070e+09,1.014824852148281217e+09
8.048048048048048742e+00,2.856391921280008793e+09,1.006867947560204268e+09
8.108108108108108780e+00,2.844550857076893806e+09,9.989734304180885553e+08
8.168168168168168819e+00,2.832681162196535587e+09,9.911408115626929998e+08
8.228228228228228858e+00,2.820784739978199959e+09,9.833696056701108217e+08
8.288288288288288896e+00,2.808863449020443916e+09,9.756593312216994762e+08
8.348348348348348935e+00,2.796919104234089375e+09,9.680095104742434025e+08
8.408408408408408974e+00,2.784953477865478992e+09,9.604196694303531647e+08
8.468468468468469013e+00,2.772968300491065502e+09,9.528893378090960979e+08
8.528528528528529051e+00,2.760965261984318733e+09,9.454180490168555975e+08
8.588588588588589090e+00,2.748946012455932617e+09,9.380053401184201241e+08
8.648648648648649129e+00,2.736912163168229580e+09,9.306507518083001375e+08
8.708708708708709167e+00,2.724865287424658298e+09,9.233538283822677135e+08
8.768768768768769206e+00,2.712806921435212135e+09,9.161141177091201544e+08
8.828828828828829245e+00,2.700738565158591270e+09,9.089311712026655674e+08
8.888888888888889284e+00,2.688661683121877670e+09,9.018045437939274311e+08
8.948948948948949322e+00,2.676577705218461037e+09,8.947337939035671949e+08
9.009009009009009361e+00,2.664488027484948635e+09,8.877184834145226479e+08
9.069069069069069400e+00,2.652394012857712269e+09,8.807581776448627710e+08
9.129129129129129439e+00,2.640296991909771919e+09,8.738524453208532333e+08
9.189189189189189477e+00,2.628198263568603992e+09,8.670008585502330065e+08
9.249249249249249516e+00,2.616099095815525532e+09,8.602029927957030535e+08
9.309309309309309555e+00,2.604000726367194176e+09,8.534584268486192226e+08
9.369369369369369593e+00,2.591904363339829922e+09,8.467667428028953075e+08
9.429429429429429632e+00,2.579811185896659374e+09,8.401275260291076899e+08
9.489489489489489671e+00,2.567722344879127502e+09,8.335403651488044262e+08
9.549549549549549710e+00,2.555638963422361851e+09,8.270048520090150833e+08
9.609609609609609748e+00,2.543562137555384636e+09,8.205205816569615602e+08
9.669669669669669787e+00,2.531492936786519051e+09,8.140871523149652481e+08
9.729729729729729826e+00,2.519432404674448013e+09,8.077041653555531502e+08
9.789789789789789864e+00,2.507381559385354996e+09,8.013712252767587900e+08
9.849849849849849903e+00,2.495341394236547947e+09,7.950879396776142120e+08
9.909909909909909942e+00,2.483312878226978302e+09,7.888539192338371277e+08
9.969969969969969981e+00,2.471296956555045128e+09,7.826687776737079620e+08
1.003003003003003002e+01,2.459294551124029160e+09,7.765321317541354895e+08
1.009009009009009006e+01,2.447306561035545349e+09,7.704436012369099855e+08
1.015015015015015010e+01,2.435333863071336746e+09,7.644028088651435375e+08
1.021021021021021014e+01,2.423377312163756371e+09,7.584093803398936987e+08
1.027027027027027017e+01,2.411437741855248928e+09,7.524629442969721556e+08
1.033033033033033021e+01,2.399515964747150421e+09,7.465631322839336395e+08
1.039039039039039025e+01,2.387612772938099384e+09,7.407095787372460365e+08
1.045045045045045029e+01,2.375728938452357292e+09,7.349019209596400261e+08
1.051051051051051033e+01,2.363865213658299446e+09,7.291397990976344347e+08
1.057057057057057037e+01,2.352022331677378178e+09,7.234228561192396879e+08
1.063063063063063041e+01,2.340201006783787251e+09,7.177507377918361425e+08
1.069069069069069045e+01,2.328401934795096397e+09,7.121230926602238417e+08
1.075075075075075048e+01,2.316625793454102039e+09,7.065395720248464346e+08
1.081081081081081052e+01,2.304873242802123070e+09,7.009998299201852083e+08
1.087087087087087056e+01,2.293144925543972015e+09,6.955035230933219194e+08
1.093093093093093060e+01,2.281441467404829025e+09,6.900503109826707840e+08
1.099099099099099064e+01,2.269763477479217052e+09,6.846398556968755722e+08
1.105105105105105068e+01,2.258111548572313309e+09,6.792718219938747883e+08
1.111111111111111072e+01,2.246486257533760071e+09,6.739458772601280212e+08
1.117117117117117076e+01,2.234888165584204197e+09,6.686616914900075197e+08
1.123123123123123079e+01,2.223317818634732723e+09,6.634189372653497458e+08
1.129129129129129083e+01,2.211775747599392414e+09,6.582172897351682186e+08
1.135135135135135087e+01,2.200262468700970173e+09,6.530564265955257416e+08
1.141141141141141091e+01,2.188778483770206928e+09,6.479360280695623159e+08
1.147147147147147095e+01,2.177324280538609028e+09,6.428557768876827955e+08
1.153153153153153099e+01,2.165900332925013065e+09,6.378153582678972483e+08
1.159159159159159103e+01,2.154507101316076279e+09,6.328144598963166475e+08
1.165165165165165106e+01,2.143145032840820074e+09,6.278527719078018665e+08
1.171171171171171110e+01,2.131814561639397144e+09,6.229299868667631149e+08
1.177177177177177114e+01,2.120516109126204014e+09,6.180457997481106520e+08
1.183183183183183118e+01,2.109250084247495413e+09,6.131999079183560610e+08
1.189189189189189122e+01,2.098016883733618021e+09,6.083920111168586016e+08
1.195195195195195126e+01,2.086816892346007586e+09,6.036218114372218847e+08
1.201201201201201130e+01,2.075650483119069338e+09,5.988890133088346720e+08
1.207207207207207134e+01,2.064518017597057343e+09,5.941933234785567522e+08
1.213213213213213137e+01,2.053419846066092253e+09,5.895344509925484657e+08
1.219219219219219141e+01,2.042356307781405210e+09,5.849121071782419682e+08
1.225225225225225145e+01,2.031327731189951420e+09,5.803260056264559031e+08
1.231231231231231149e+01,2.020334434148474216e+09,5.757758621736477613e+08
1.237237237237237153e+01,2.009376724137146950e+09,5.712613948843070269e+08
1.243243243243243157e+01,1.998454898468880177e+09,5.667823240334858894e+08
1.249249249249249161e+01,1.987569244494409084e+09,5.623383720894672871e+08
1.255255255255255165e+01,1.976720039803244114e+09,5.579292636965672970e+08
1.261261261261261168e+01,1.965907552420596361e+09,5.535547256580753326e+08
1.267267267267267172e+01,1.955132041000349522e+09,5.492144869193251133e+08
1.273273273273273176e+01,1.944393755014189243e+09,5.449082785508999825e+08
1.279279279279279180e+01,1.933692934936959743e+09,5.406358337319694757e+08
1.285285285285285362e+01,1.923029812428346157e+09,5.363968877337567210e+08
1.291291291291291365e+01,1.912404610510954857e+09,5.321911779031353593e+08
1.297297297297297369e+01,1.901817543744880676e+09,5.280184436463547349e+08
1.303303303303303373e+01,1.891268818398828983e+09,5.238784264128932357e+08
1.309309309309309377e+01,1.880758632617887020e+09,5.197708696794381142e+08
1.315315315315315381e+01,1.870287176587992907e+09,5.156955189339907169e+08
1.321321321321321385e+01,1.859854632697199345e+09,5.116521216600963473e+08
1.327327327327327389e+01,1.849461175693788290e+09,5.076404273211980462e+08
1.333333333333333393e+01,1.839106972841308832e+09,5.036601873451129198e+08
1.339339339339339396e+01,1.828792184070603609e+09,4.997111551086295843e+08
1.345345345345345400e+01,1.818516962128895044e+09,4.957930859222276211e+08
1.351351351351351404e+01,1.808281452725986481e+09,4.919057370149158239e+08
1.357357357357357408e+01,1.798085794677644730e+09,4.880488675191897750e+08
1.363363363363363412e+01,1.787930120046223164e+09,4.842222384561070204e+08
1.369369369369369416e+01,1.777814554278587103e+09,4.804256127204798460e+08
1.375375375375375420e+01,1.767739216341391563e+09,4.766587550661830902e+08
1.381381381381381424e+01,1.757704218853776455e+09,4.729214320915789604e+08
1.387387387387387427e+01,1.747709668217524767e+09,4.692134122250536084e+08
1.393393393393393431e+01,1.737755664744746685e+09,4.655344657106699944e+08
1.399399399399399435e+01,1.727842302783129930e+09,4.618843645939307809e+08
1.405405405405405439e+01,1.717969670838816166e+09,4.582628827076539993e+08
1.411411411411411443e+01,1.708137851696951628e+09,4.546697956579597592e+08
1.417417417417417447e+01,1.698346922539953709e+09,4.511048808103658557e+08
1.423423423423423451e+01,1.688596955063545942e+09,4.475679172759928703e+08
1.429429429429429455e+01,1.678888015590610266e+09,4.440586858978780508e+08
1.435435435435435458e+01,1.669220165182891369e+09,4.405769692373957038e+08
1.441441441441441462e+01,1.659593459750607729e+09,4.371225515607837439e+08
1.447447447447447466e+01,1.650007950160001755e+09,4.336952188257772923e+08
1.453453453453453470e+01,1.640463682338881493e+09,4.302947586683455706e+08
1.459459459459459474e+01,1.630960697380183697e+09,4.269209603895334601e+08
1.465465465465465478e+01,1.621499031643607855e+09,4.235736149424067140e+08
1.471471471471471482e+01,1.612078716855350256e+09,4.202525149190983176e+08
1.477477477477477485e+01,1.602699780205987930e+09,4.169574545379576683e+08
1.483483483483483489e+01,1.593362244446534395e+09,4.136882296307998896e+08
1.489489489489489493e+01,1.584066127982716322e+09,4.104446376302545667e+08
1.495495495495495497e+01,1.574811444967503548e+09,4.072264775572151542e+08
1.501501501501501501e+01,1.565598205391920567e+09,4.040335500083853602e+08
1.507507507507507505e+01,1.556426415174179077e+09,4.008656571439238191e+08
1.513513513513513509e+01,1.547296076247164965e+09,3.977226026751858592e+08
1.519519519519519513e+01,1.538207186644310236e+09,3.946041918525608778e+08
1.525525525525525516e+01,1.529159740583877087e+09,3.915102314534049034e+08
1.531531531531531520e+01,1.520153728551695585e+09,3.884405297700689435e+08
1.537537537537537524e+01,1.511189137382375717e+09,3.853948965980201364e+08
1.543543543543543528e+01,1.502265950339022636e+09,3.823731432240554690e+08
1.549549549549549532e+01,1.493384147191495657e+09,3.793750824146102071e+08
1.555555555555555536e+01,1.484543704293224096e+09,3.764005284041553736e+08
1.561561561561561540e+01,1.475744594656617641e+09,3.734492968836880326e+08
1.567567567567567544e+01,1.466986788027094603e+09,3.705212049893108010e+08
1.573573573573573547e+01,1.458270250955753565e+09,3.676160712909014821e+08
1.579579579579579551e+01,1.449594946870718479e+09,3.647337157808710337e+08
1.585585585585585555e+01,1.440960836147176504e+09,3.618739598630103469e+08
1.591591591591591559e+01,1.432367876176136255e+09,3.590366263414236903e+08
1.597597597597597563e+01,1.423816021431933641e+09,3.562215394095494747e+08
1.603603603603603744e+01,1.415305223538504124e+09,3.534285246392672062e+08
1.609609609609609748e+01,1.406835431334442854e+09,3.506574089700891376e+08
1.615615615615615752e+01,1.398406590936887264e+09,3.479080206984373331e+08
1.621621621621621756e+01,1.390018645804225445e+09,3.451801894670045376e+08
1.627627627627627760e+01,1.381671536797672510e+09,3.424737462541988492e+08
1.633633633633633764e+01,1.373365202241718292e+09,3.397885233636701703e+08
1.639639639639639768e+01,1.365099577983477592e+09,3.371243544139199853e+08
1.645645645645645772e+01,1.356874597450963974e+09,3.344810743279917240e+08
1.651651651651651775e+01,1.348690191710298777e+09,3.318585193232425451e+08
1.657657657657657779e+01,1.340546289521883488e+09,3.292565269011949897e+08
1.663663663663663783e+01,1.332442817395546913e+09,3.266749358374676704e+08
1.669669669669669787e+01,1.324379699644698143e+09,3.241135861717865467e+08
1.675675675675675791e+01,1.316356858439485788e+09,3.215723191980727911e+08
1.681681681681681795e+01,1.308374213858996868e+09,3.190509774546090961e+08
1.687687687687687799e+01,1.300431683942509174e+09,3.165494047142835855e+08
1.693693693693693803e+01,1.292529184739805460e+09,3.140674459749088287e+08
1.699699699699699806e+01,1.284666630360580921e+09,3.116049474496182799e+08
1.705705705705705810e+01,1.276843933022948265e+09,3.091617565573371053e+08
1.711711711711711814e+01,1.269061003101063013e+09,3.067377219133278728e+08
1.717717717717717818e+01,1.261317749171885729e+09,3.043326933198106885e+08
1.723723723723723822e+01,1.253614078061088800e+09,3.019465217566566467e+08
1.729729729729729826e+01,1.245949894888135433e+09,2.995790593721541166e+08
1.735735735735735830e+01,1.238325103110532999e+09,2.972301594738475680e+08
1.741741741741741833e+01,1.230739604567286015e+09,2.948996765194482803e+08
1.747747747747747837e+01,1.223193299521555662e+09,2.925874661078164577e+08
1.753753753753753841e+01,1.215686086702544451e+09,2.902933849700134397e+08
1.759759759759759845e+01,1.208217863346619368e+09,2.880172909604249001e+08
1.765765765765765849e+01,1.200788525237683058e+09,2.857590430479529500e+08
1.771771771771771853e+01,1.193397966746812344e+09,2.835185013072777987e+08
1.777777777777777857e+01,1.186046080871172667e+09,2.812955269101876020e+08
1.783783783783783861e+01,1.178732759272221565e+09,2.790899821169762015e+08
1.789789789789789864e+01,1.171457892313219786e+09,2.769017302679088712e+08
1.795795795795795868e+01,1.164221369096051455e+09,2.747306357747547030e+08
1.801801801801801872e+01,1.157023077497374058e+09,2.725765641123846769e+08
1.807807807807807876e+01,1.149862904204108953e+09,2.704393818104369044e+08
1.813813813813813880e+01,1.142740734748279333e+09,2.683189564450460970e+08
1.819819819819819884e+01,1.135656453541213274e+09,2.662151566306386590e+08
1.825825825825825888e+01,1.128609943907116413e+09,2.641278520117915571e+08
1.831831831831831892e+01,1.121601088116032600e+09,2.620569132551553249e+08
1.837837837837837895e+01,1.114629767416197538e+09,2.600022120414403081e+08
1.843843843843843899e+01,1.107695862065796852e+09,2.579636210574659109e+08
1.849849849849849903e+01,1.100799251364141226e+09,2.559410139882716835e+08
1.855855855855855907e+01,1.093939813682268381e+09,2.539342655092909932e+08
1.861861861861861911e+01,1.087117426492980242e+09,2.519432512785855532e+08
1.867867867867867915e+01,1.080331966400323391e+09,2.499678479291406572e+08
1.873873873873873919e+01,1.073583309168529391e+09,2.480079330612216592e+08
1.879879879879879923e+01,1.066871329750416636e+09,2.460633852347894907e+08
1.885885885885885926e+01,1.060195902315266967e+09,2.441340839619760215e+08
1.891891891891891930e+01,1.053556900276186109e+09,2.422199096996184289e+08
1.897897897897897934e+01,1.046954196316955209e+09,2.403207438418524265e+08
1.903903903903903938e+01,1.040387662418383598e+09,2.384364687127625644e+08
1.909909909909909942e+01,1.033857169884171247e+09,2.365669675590913296e+08
1.915915915915915946e+01,1.027362589366289377e+09,2.347121245430048108e+08
1.921921921921921950e+01,1.020903790889883518e+09,2.328718247349147499e+08
1.927927927927927954e+01,1.014480643877717376e+09,2.310459541063578427e+08
1.933933933933933957e+01,1.008093017174153805e+09,2.292343995229302049e+08
1.939939939939939961e+01,1.001740779068686604e+09,2.274370487372769415e+08
1.945945945945945965e+01,9.954237973190321922e+08,2.256537903821377754e+08
1.951951951951951969e+01,9.891419391737844944e+08,2.238845139634457231e+08
1.957957957957957973e+01,9.828950713946422338e+08,2.221291098534812927e+08
1.963963963963963977e+01,9.766830602782202959e+08,2.203874692840796411e+08
1.969969969969969981e+01,9.705057716774402857e+08,2.186594843398905098e+08
1.975975975975975985e+01,9.643630710225257874e+08,2.169450479516925514e+08
1.981981981981981988e+01,9.582548233415902853e+08,2.152440538897584379e+08
1.987987987987987992e+01,9.521808932808358669e+08,2.135563967572728395e+08
1.993993993993993996e+01,9.461411451243674755e+08,2.118819719838018119e+08
2.000000000000000000e+01,9.401354428136267662e+08,2.102206758188135922e+08
2.006006006006006004e+01,9.341636499664551020e+08,2.085724053252496421e+08
2.012012012012012008e+01,9.282256298957886696e+08,2.069370583731470108e+08
2.018018018018018012e+01,9.223212456279944181e+08,2.053145336333096027e+08
2.024024024024024015e+01,9.164503599208527803e+08,2.037047305710299611e+08
2.030030030030030019e+01,9.106128352811925411e+08,2.021075494398600459e+08
2.036036036036036023e+01,9.048085339821809530e+08,2.005228912754302919e+08
2.042042042042042027e+01,8.990373180802825689e+08,1.989506578893180490e+08
2.048048048048048031e+01,8.932990494318846464e+08,1.973907518629635274e+08
2.054054054054054035e+01,8.875935897095962763e+08,1.958430765416333973e+08
2.060060060060060039e+01,8.819208004182316065e+08,1.943075360284321010e+08
2.066066066066066043e+01,8.762805429104768038e+08,1.927840351783595979e+08
2.072072072072072046e+01,8.706726784022486210e+08,1.912724795924164355e+08
2.078078078078078050e+01,8.650970679877494574e+08,1.897727756117542386e+08
2.084084084084084054e+01,8.595535726542252302e+08,1.882848303118724525e+08
2.090090090090090058e+01,8.540420532964270115e+08,1.868085514968608022e+08
2.096096096096096062e+01,8.485623707307881117e+08,1.853438476936864853e+08
2.102102102102102066e+01,8.431143857093148232e+08,1.838906281465264857e+08
2.108108108108108070e+01,8.376979589331977367e+08,1.824488028111436963e+08
2.114114114114114074e+01,8.323129510661529303e+08,1.810182823493083715e+08
2.120120120120120077e+01,8.269592227474887371e+08,1.795989781232619584e+08
2.126126126126126081e+01,8.216366346049121618e+08,1.781908021902250350e+08
2.132132132132132085e+01,8.163450472670705318e+08,1.767936672969485819e+08
2.138138138138138089e+01,8.110843213758401871e+08,1.754074868743070364e+08
2.144144144144144093e+01,8.058543175983624458e+08,1.740321750319347382e+08
2.150150150150150097e+01,8.006548966388313770e+08,1.726676465529038906e+08
2.156156156156156101e+01,7.954859192500387430e+08,1.713138168884442151e+08
2.162162162162162105e+01,7.903472462446798086e+08,1.699706021527042985e+08
2.168168168168168108e+01,7.852387385064239502e+08,1.686379191175539196e+08
2.174174174174174112e+01,7.801602570007514954e+08,1.673156852074267268e+08
2.180180180180180116e+01,7.751116627855693102e+08,1.660038184942043722e+08
2.186186186186186120e+01,7.700928170215938091e+08,1.647022376921391189e+08
2.192192192192192124e+01,7.651035809825246334e+08,1.634108621528184116e+08
2.198198198198198128e+01,7.601438160649901628e+08,1.621296118601664603e+08
2.204204204204204132e+01,7.552133837982935905e+08,1.608584074254875779e+08
2.210210210210210136e+01,7.503121458539373875e+08,1.595971700825459063e+08
2.216216216216216139e+01,7.454399640549538136e+08,1.583458216826859713e+08
2.222222222222222143e+01,7.405967003850234747e+08,1.571042846899895370e+08
2.228228228228228147e+01,7.357822169974024296e+08,1.558724821764720082e+08
2.234234234234234151e+01,7.309963762236516476e+08,1.546503378173154294e+08
2.240240240240240155e+01,7.262390405821738243e+08,1.534377758861395717e+08
2.246246246246246159e+01,7.215100727865610123e+08,1.522347212503092289e+08
2.252252252252252163e+01,7.168093357537609339e+08,1.510410993662798107e+08
2.258258258258258167e+01,7.121366926120538712e+08,1.498568362749772072e+08
2.264264264264264170e+01,7.074920067088589668e+08,1.486818585972165465e+08
2.270270270270270174e+01,7.028751416183544397e+08,1.475160935291541517e+08
2.276276276276276178e+01,6.982859611489342451e+08,1.463594688377775848e+08
2.282282282282282182e+01,6.937243293504853249e+08,1.452119128564290702e+08
2.288288288288288186e+01,6.891901105215066671e+08,1.440733544803657234e+08
2.294294294294294190e+01,6.846831692160542011e+08,1.429437231623528600e+08
2.300300300300300194e+01,6.802033702505313158e+08,1.418229489082935452e+08
2.306306306306306197e+01,6.757505787103163004e+08,1.407109622728912830e+08
2.312312312312312201e+01,6.713246599562346935e+08,1.396076943553469479e+08
2.318318318318318205e+01,6.669254796308768988e+08,1.385130767950897217e+08
2.324324324324324209e+01,6.625529036647667885e+08,1.374270417675414085e+08
2.330330330330330213e+01,6.582067982823792696e+08,1.363495219799138904e+08
2.336336336336336217e+01,6.538870300080119371e+08,1.352804506670391560e+08
2.342342342342342221e+01,6.495934656715154648e+08,1.342197615872328877e+08
2.348348348348348225e+01,6.453259724138799906e+08,1.331673890181898326e+08
2.354354354354354228e+01,6.410844176926850080e+08,1.321232677529113889e+08
2.360360360360360232e+01,6.368686692874115705e+08,1.310873330956654698e+08
2.366366366366366236e+01,6.326785953046208620e+08,1.300595208579777777e+08
2.372372372372372240e+01,6.285140641829997301e+08,1.290397673546542525e+08
2.378378378378378244e+01,6.243749446982803345e+08,1.280280093998357058e+08
2.384384384384384248e+01,6.202611059680273533e+08,1.270241843030818403e+08
2.390390390390390252e+01,6.161724174563055038e+08,1.260282298654877245e+08
2.396396396396396256e+01,6.121087489782177210e+08,1.250400843758289218e+08
2.402402402402402259e+01,6.080699707043308020e+08,1.240596866067387015e+08
2.408408408408408263e+01,6.040559531649721861e+08,1.230869758109132797e+08
2.414414414414414267e+01,6.000665672544198036e+08,1.221218917173486650e+08
2.420420420420420271e+01,5.961016842349710464e+08,1.211643745276056528e+08
2.426426426426426275e+01,5.921611757408990860e+08,1.202143649121047705e+08
2.432432432432432279e+01,5.882449137823026180e+08,1.192718040064498931e+08
2.438438438438438283e+01,5.843527707488425970e+08,1.183366334077814817e+08
2.444444444444444287e+01,5.804846194133725166e+08,1.174087951711569726e+08
2.450450450450450290e+01,5.766403329354671240e+08,1.164882318059612066e+08
2.456456456456456294e+01,5.728197848648412228e+08,1.155748862723435014e+08
2.462462462462462298e+01,5.690228491446746588e+08,1.146687019776840955e+08
2.468468468468468302e+01,5.652494001148298979e+08,1.137696227730867267e+08
2.474474474474474306e+01,5.614993125149790049e+08,1.128775929499004036e+08
2.480480480480480310e+01,5.577724614876270294e+08,1.119925572362668216e+08
2.486486486486486314e+01,5.540687225810464621e+08,1.111144607936961353e+08
2.492492492492492318e+01,5.503879717521160841e+08,1.102432492136688679e+08
2.498498498498498321e+01,5.467300853690686226e+08,1.093788685142646432e+08
2.504504504504504325e+01,5.430949402141479254e+08,1.085212651368173063e+08
2.510510510510510329e+01,5.394824134861819744e+08,1.076703859425966591e+08
2.516516516516516333e+01,5.358923828030619621e+08,1.068261782095153034e+08
2.522522522522522337e+01,5.323247262041444182e+08,1.059885896288626045e+08
2.528528528528528341e+01,5.287793221525624394e+08,1.051575683020627350e+08
2.534534534534534345e+01,5.252560495374619961e+08,1.043330627374597639e+08
2.540540540540540349e+01,5.217547876761490107e+08,1.035150218471263498e+08
2.546546546546546352e+01,5.182754163161667585e+08,1.027033949436989725e+08
2.552552552552552356e+01,5.148178156372872591e+08,1.018981317372366339e+08
2.558558558558558360e+01,5.113818662534312606e+08,1.010991823321051896e+08
2.564564564564564719e+01,5.079674492145107985e+08,1.003064972238854319e+08
2.570570570570570723e+01,5.045744460082002282e+08,9.952002729630623758e+07
2.576576576576576727e+01,5.012027385616302490e+08,9.873972381820042431e+07
2.582582582582582731e+01,4.978522092430177927e+08,9.796553844048590958e+07
2.588588588588588735e+01,4.945227408632196784e+08,9.719742319316968322e+07
2.594594594594594739e+01,4.912142166772211194e+08,9.643533048237556219e+07
2.600600600600600742e+01,4.879265203855558634e+08,9.567921308739492297e+07
2.606606606606606746e+01,4.846595361356616616e+08,9.492902415776135027e+07
2.612612612612612750e+01,4.814131485231679082e+08,9.418471721034711599e+07
2.618618618618618754e+01,4.781872425931229591e+08,9.344624612648344040e+07
2.624624624624624758e+01,4.749817038411558270e+08,9.271356514910256863e+07
2.630630630630630762e+01,4.717964182145794630e+08,9.198662887990283966e+07
2.636636636636636766e+01,4.686312721134306788e+08,9.126539227653540671e+07
2.642642642642642770e+01,4.654861523914547563e+08,9.054981064981383085e+07
2.648648648648648773e+01,4.623609463570266366e+08,8.983983966094438732e+07
2.654654654654654777e+01,4.592555417740205526e+08,8.913543531877931952e+07
2.660660660660660781e+01,4.561698268626214266e+08,8.843655397709080577e+07
2.666666666666666785e+01,4.531036903000799417e+08,8.774315233186665177e+07
2.672672672672672789e+01,4.500570212214154005e+08,8.705518741862681508e+07
2.678678678678678793e+01,4.470297092200671434e+08,8.637261660976184905e+07
2.684684684684684797e+01,4.440216443484898806e+08,8.569539761189082265e+07
2.690690690690690801e+01,4.410327171187031269e+08,8.502348846324153244e+07
2.696696696696696804e+01,4.380628185027860403e+08,8.435684753104975820e+07
2.702702702702702808e+01,4.351118399333277941e+08,8.369543350898025930e+07
2.708708708708708812e+01,4.321796733038244843e+08,8.303920541456675529e+07
2.714714714714714816e+01,4.292662109690359235e+08,8.238812258667312562e+07
2.720720720720720820e+01,4.263713457452890873e+08,8.174214468297362328e+07
2.726726726726726824e+01,4.234949709107401967e+08,8.110123167745313048e+07
2.732732732732732828e+01,4.206369802055931687e+08,8.046534385792750120e+07
2.738738738738738832e+01,4.177972678322702646e+08,7.983444182358235121e+07
2.744744744744744835e+01,4.149757284555447698e+08,7.920848648253226280e+07
2.750750750750750839e+01,4.121722572026275396e+08,7.858743904939801991e+07
2.756756756756756843e+01,4.093867496632165909e+08,7.797126104290397465e+07
2.762762762762762847e+01,4.066191018895017505e+08,7.735991428349313140e+07
2.768768768768768851e+01,4.038692103961340785e+08,7.675336089096188545e+07
2.774774774774774855e+01,4.011369721601539850e+08,7.615156328211265802e+07
2.780780780780780859e+01,3.984222846208818555e+08,7.555448416842524707e+07
2.786786786786786863e+01,3.957250456797717214e+08,7.496208655374629796e+07
2.792792792792792866e+01,3.930451537002296448e+08,7.437433373199716210e+07
2.798798798798798870e+01,3.903825075073924661e+08,7.379118928489914536e+07
2.804804804804804874e+01,3.877370063878777623e+08,7.321261707971744239e+07
2.810810810810810878e+01,3.851085500894923210e+08,7.263858126702171564e+07
2.816816816816816882e+01,3.824970388209135532e+08,7.206904627846540511e+07
2.822822822822822886e+01,3.799023732513329983e+08,7.150397682458125055e+07
2.828828828828828890e+01,3.773244545100713968e+08,7.094333789259529114e+07
2.834834834834834894e+01,3.747631841861587763e+08,7.038709474425682425e+07
2.840840840840840897e+01,3.722184643278863430e+08,6.983521291368636489e+07
2.846846846846846901e+01,3.696901974423264265e+08,6.928765820523993671e+07
2.852852852852852905e+01,3.671782864948242903e+08,6.874439669139026105e+07
2.858858858858858909e+01,3.646826349084580541e+08,6.820539471062441170e+07
2.864864864864864913e+01,3.622031465634748340e+08,6.767061886535841227e+07
2.870870870870870917e+01,3.597397257966936231e+08,6.714003601986742020e+07
2.876876876876876921e+01,3.572922774008858800e+08,6.661361329823303968e+07
2.882882882882882924e+01,3.548607066241253018e+08,6.609131808230578154e+07
2.888888888888888928e+01,3.524449191691159606e+08,6.557311800968450308e+07
2.894894894894894932e+01,3.500448211924898624e+08,6.505898097171062231e+07
2.900900900900900936e+01,3.476603193040845990e+08,6.454887511147914082e+07
2.906906906906906940e+01,3.452913205661920905e+08,6.404276882186426222e+07
2.912912912912912944e+01,3.429377324927875996e+08,6.354063074356127530e+07
2.918918918918918948e+01,3.405994630487321615e+08,6.304242976314335316e+07
2.924924924924924952e+01,3.382764206489539146e+08,6.254813501113371551e+07
2.930930930930930955e+01,3.359685141576064825e+08,6.205771586009280384e+07
2.936936936936936959e+01,3.336756528872070312e+08,6.157114192272082716e+07
2.942942942942942963e+01,3.313977465977495909e+08,6.108838304997451603e+07
2.948948948948948967e+01,3.291347054958022833e+08,6.060940932919939607e+07
2.954954954954954971e+01,3.268864402335797548e+08,6.013419108227603137e+07
2.960960960960960975e+01,3.246528619079997540e+08,5.966269886378145218e+07
2.966966966966966979e+01,3.224338820597164035e+08,5.919490345916426182e+07
2.972972972972972983e+01,3.202294126721377969e+08,5.873077588293478638e+07
2.978978978978978986e+01,3.180393661704240441e+08,5.827028737686897814e+07
2.984984984984984990e+01,3.158636554204657078e+08,5.781340940822630376e+07
2.990990990990990994e+01,3.137021937278481722e+08,5.736011366798220575e+07
2.996996996996996998e+01,3.115548948367943168e+08,5.691037206907356530e+07
3.003003003003003002e+01,3.094216729290952682e+08,5.646415674465874583e+07
3.009009009009009006e+01,3.073024426230202317e+08,5.602144004639065266e+07
3.015015015015015010e+01,3.051971189722146392e+08,5.558219454270382971e+07
3.021021021021021014e+01,3.031056174645791054e+08,5.514639301711446047e+07
3.027027027027027017e+01,3.010278540211357474e+08,5.471400846653423458e+07
3.033033033033033021e+01,2.989637449948789477e+08,5.428501409959708154e+07
3.039039039039039025e+01,2.969132071696115136e+08,5.385938333499912918e+07
3.045045045045045029e+01,2.948761577587668300e+08,5.343708979985158890e+07
3.051051051051051033e+01,2.928525144042186737e+08,5.301810732804691792e+07
3.057057057057057037e+01,2.908421951750751734e+08,5.260240995863712579e+07
3.063063063063063041e+01,2.888451185664635897e+08,5.218997193422556669e+07
3.069069069069069045e+01,2.868612034982983470e+08,5.178076769937069714e+07
3.075075075075075048e+01,2.848903693140406013e+08,5.137477189900275320e+07
3.081081081081081052e+01,2.829325357794427276e+08,5.097195937685248256e+07
3.087087087087087056e+01,2.809876230812854767e+08,5.057230517389287800e+07
3.093093093093093060e+01,2.790555518260980844e+08,5.017578452679207176e+07
3.099099099099099064e+01,2.771362430388741493e+08,4.978237286637955159e+07
3.105105105105105068e+01,2.752296181617702246e+08,4.939204581612317264e+07
3.111111111111111072e+01,2.733355990528011918e+08,4.900477919061946124e+07
3.117117117117117076e+01,2.714541079845184684e+08,4.862054899409427494e+07
3.123123123123123079e+01,2.695850676426855922e+08,4.823933141891671717e+07
3.129129129129129083e+01,2.677284011249380112e+08,4.786110284412333369e+07
3.135135135135135087e+01,2.658840319394391477e+08,4.748583983395498246e+07
3.141141141141141091e+01,2.640518840035244524e+08,4.711351913640441746e+07
3.147147147147147095e+01,2.622318816423383653e+08,4.674411768177574873e+07
3.153153153153153099e+01,2.604239495874624550e+08,4.637761258125483245e+07
3.159159159159159103e+01,2.586280129755358100e+08,4.601398112549114972e+07
3.165165165165165106e+01,2.568439973468685448e+08,4.565320078319065273e+07
3.171171171171171110e+01,2.550718286440462470e+08,4.529524919971968234e+07
3.177177177177177114e+01,2.533114332105292082e+08,4.494010419571984559e+07
3.183183183183183118e+01,2.515627377892430425e+08,4.458774376573371142e+07
3.189189189189189122e+01,2.498256695211642385e+08,4.423814607684135437e+07
3.195195195195195126e+01,2.481001559438979328e+08,4.389128946730750799e+07
3.201201201201201485e+01,2.463861249902502596e+08,4.354715244523934275e+07
3.207207207207207489e+01,2.446835049867957532e+08,4.320571368725498021e+07
3.213213213213213493e+01,2.429922246524357498e+08,4.286695203716182709e+07
3.219219219219219497e+01,2.413122130969566703e+08,4.253084650464625657e+07
3.225225225225225500e+01,2.396433998195769191e+08,4.219737626397248358e+07
3.231231231231231504e+01,2.379857147074941993e+08,4.186652065269251913e+07
3.237237237237237508e+01,2.363390880344249904e+08,4.153825917036576569e+07
3.243243243243243512e+01,2.347034504591398239e+08,4.121257147728873789e+07
3.249249249249249516e+01,2.330787330239953697e+08,4.088943739323481172e+07
3.255255255255255520e+01,2.314648671534608305e+08,4.056883689620384574e+07
3.261261261261261524e+01,2.298617846526417136e+08,4.025075012118152529e+07
3.267267267267267528e+01,2.282694177057990730e+08,3.993515735890851915e+07
3.273273273273273531e+01,2.266876988748653829e+08,3.962203905465926230e+07
3.279279279279279535e+01,2.251165610979571342e+08,3.931137580703028291e+07
3.285285285285285539e+01,2.235559376878842115e+08,3.900314836673808098e+07
3.291291291291291543e+01,2.220057623306561708e+08,3.869733763542639464e+07
3.297297297297297547e+01,2.204659690839858651e+08,3.839392466448281705e+07
3.303303303303303551e+01,2.189364923757903874e+08,3.809289065386472642e+07
3.309309309309309555e+01,2.174172670026894808e+08,3.779421695093440264e+07
3.315315315315315559e+01,2.159082281285018325e+08,3.749788504930326343e+07
3.321321321321321562e+01,2.144093112827383876e+08,3.720387658768508583e+07
3.327327327327327566e+01,2.129204523590963185e+08,3.691217334875857830e+07
3.333333333333333570e+01,2.114415876139465868e+08,3.662275725803817064e+07
3.339339339339339574e+01,2.099726536648257375e+08,3.633561038275461644e+07
3.345345345345345578e+01,2.085135874889200628e+08,3.605071493074325472e+07
3.351351351351351582e+01,2.070643264215541780e+08,3.576805324934215099e+07
3.357357357357357586e+01,2.056248081546735168e+08,3.548760782429783046e+07
3.363363363363363590e+01,2.041949707353294492e+08,3.520936127868030965e+07
3.369369369369369593e+01,2.027747525641621947e+08,3.493329637180648744e+07
3.375375375375375597e+01,2.013640923938812912e+08,3.465939599817147106e+07
3.381381381381381601e+01,1.999629293277494013e+08,3.438764318638923019e+07
3.387387387387387605e+01,1.985712028180608749e+08,3.411802109814046323e+07
3.393393393393393609e+01,1.971888526646251976e+08,3.385051302712979913e+07
3.399399399399399613e+01,1.958158190132445693e+08,3.358510239805012941e+07
3.405405405405405617e+01,1.944520423541972637e+08,3.332177276555605978e+07
3.411411411411411621e+01,1.930974635207156837e+08,3.306050781324449927e+07
3.417417417417417624e+01,1.917520236874687076e+08,3.280129135264394432e+07
3.423423423423423628e+01,1.904156643690420985e+08,3.254410732221130654e+07
3.429429429429429632e+01,1.890883274184200466e+08,3.228893978633671626e+07
3.435435435435435636e+01,1.877699550254673064e+08,3.203577293435612693e+07
3.441441441441441640e+01,1.864604897154117525e+08,3.178459107957166806e+07
3.447447447447447644e+01,1.851598743473279774e+08,3.153537865827964619e+07
3.453453453453453648e+01,1.838680521126214266e+08,3.128812022880619764e+07
3.459459459459459651e+01,1.825849665335140824e+08,3.104280047055049986e+07
3.465465465465465655e+01,1.813105614615306854e+08,3.079940418303547055e+07
3.471471471471471659e+01,1.800447810759865046e+08,3.055791628496591374e+07
3.477477477477477663e+01,1.787875698824762702e+08,3.031832181329407915e+07
3.483483483483483667e+01,1.775388727113647461e+08,3.008060592229247838e+07
3.489489489489489671e+01,1.762986347162784040e+08,2.984475388263406232e+07
3.495495495495495675e+01,1.750668013725989461e+08,2.961075108047952875e+07
3.501501501501501679e+01,1.738433184759588540e+08,2.937858301657186449e+07
3.507507507507507682e+01,1.726281321407376528e+08,2.914823530533781648e+07
3.513513513513513686e+01,1.714211887985621393e+08,2.891969367399681360e+07
3.519519519519519690e+01,1.702224351968052387e+08,2.869294396167619899e+07
3.525525525525525694e+01,1.690318183970913589e+08,2.846797211853423342e+07
3.531531531531531698e+01,1.678492857737988532e+08,2.824476420488911495e+07
3.537537537537537702e+01,1.666747850125698447e+08,2.802330639035564288e+07
3.543543543543543706e+01,1.655082641088173687e+08,2.780358495298789442e+07
3.549549549549549710e+01,1.643496713662396371e+08,2.758558627842935547e+07
3.555555555555555713e+01,1.631989553953326046e+08,2.736929685906898230e+07
3.561561561561561717e+01,1.620560651119079590e+08,2.715470329320452735e+07
3.567567567567567721e+01,1.609209497356125116e+08,2.694179228421201929e+07
3.573573573573573725e+01,1.597935587884503901e+08,2.673055063972188160e+07
3.579579579579579729e+01,1.586738420933079720e+08,2.652096527080154046e+07
3.585585585585585733e+01,1.575617497724821270e+08,2.631302319114439562e+07
3.591591591591591737e+01,1.564572322462103665e+08,2.610671151626515016e+07
3.597597597597597741e+01,1.553602402312051058e+08,2.590201746270148829e+07
3.603603603603603744e+01,1.542707247391900420e+08,2.569892834722198173e+07
3.609609609609609748e+01,1.531886370754401386e+08,2.549743158604018390e+07
3.615615615615615752e+01,1.521139288373246193e+08,2.529751469403496385e+07
3.621621621621621756e+01,1.510465519128530324e+08,2.509916528397686407e+07
3.627627627627627760e+01,1.499864584792248607e+08,2.490237106576058269e+07
3.633633633633633764e+01,1.489336010013821721e+08,2.470711984564344212e+07
3.639639639639639768e+01,1.478879322305658162e+08,2.451339952548987046e+07
3.645645645645645772e+01,1.468494052028751075e+08,2.432119810202174261e+07
3.651651651651651775e+01,1.458179732378308475e+08,2.413050366607464850e+07
3.657657657657657779e+01,1.447935899369421005e+08,2.394130440185999870e+07
3.663663663663663783e+01,1.437762091822762787e+08,2.375358858623285964e+07
3.669669669669669787e+01,1.427657851350331008e+08,2.356734458796558529e+07
3.675675675675675791e+01,1.417622722341221869e+08,2.338256086702713370e+07
3.681681681681681795e+01,1.407656251947445869e+08,2.319922597386800498e+07
3.687687687687687799e+01,1.397757990069775581e+08,2.301732854871082678e+07
3.693693693693693803e+01,1.387927489343633950e+08,2.283685732084640115e+07
3.699699699699699806e+01,1.378164305125033557e+08,2.265780110793555528e+07
3.705705705705705810e+01,1.368467995476526022e+08,2.248014881531595811e+07
3.711711711711711814e+01,1.358838121153229475e+08,2.230388943531499803e+07
3.717717717717717818e+01,1.349274245588855445e+08,2.212901204656741768e+07
3.723723723723723822e+01,1.339775934881817102e+08,2.195550581333891302e+07
3.729729729729729826e+01,1.330342757781337351e+08,2.178335998485441506e+07
3.735735735735735830e+01,1.320974285673637241e+08,2.161256389463226125e+07
3.741741741741741833e+01,1.311670092568130493e+08,2.144310695982300118e+07
3.747747747747747837e+01,1.302429755083689690e+08,2.127497868055387214e+07
3.753753753753753841e+01,1.293252852434934229e+08,2.110816863927809522e+07
3.759759759759759845e+01,1.284138966418568939e+08,2.094266650012942404e+07
3.765765765765765849e+01,1.275087681399767697e+08,2.077846200828170404e+07
3.771771771771771853e+01,1.266098584298594892e+08,2.061554498931346834e+07
3.777777777777777857e+01,1.257171264576473683e+08,2.045390534857750311e+07
3.783783783783783861e+01,1.248305314222696275e+08,2.029353307057537884e+07
3.789789789789789864e+01,1.239500327740980983e+08,2.013441821833685786e+07
3.795795795795795868e+01,1.230755902136069685e+08,1.997655093280418590e+07
3.801801801801801872e+01,1.222071636900373548e+08,1.981992143222120404e+07
3.807807807807807876e+01,1.213447134000662565e+08,1.966452001152726263e+07
3.813813813813813880e+01,1.204881997864798158e+08,1.951033704175585136e+07
3.819819819819819884e+01,1.196375835368513316e+08,1.935736296943800896e+07
3.825825825825825888e+01,1.187928255822239071e+08,1.920558831601033732e+07
3.831831831831831892e+01,1.179538870957974643e+08,1.905500367722772807e+07
3.837837837837837895e+01,1.171207294916201383e+08,1.890559972258056700e+07
3.843843843843843899e+01,1.162933144232854992e+08,1.875736719471678510e+07
3.849849849849849903e+01,1.154716037826322615e+08,1.861029690886799246e+07
3.855855855855855907e+01,1.146555596984513104e+08,1.846437975228067115e+07
3.861861861861861911e+01,1.138451445351946205e+08,1.831960668365122005e+07
3.867867867867867915e+01,1.130403208916916400e+08,1.817596873256604746e+07
3.873873873873873919e+01,1.122410515998678356e+08,1.803345699894546717e+07
3.879879879879879923e+01,1.114472997234698832e+08,1.789206265249242261e+07
3.885885885885885926e+01,1.106590285567951351e+08,1.775177693214531988e+07
3.891891891891891930e+01,1.098762016234243959e+08,1.761259114553504065e+07
3.897897897897897934e+01,1.090987826749623716e+08,1.747449666844655573e+07
3.903903903903903938e+01,1.083267356897795051e+08,1.733748494428432733e+07
3.909909909909909942e+01,1.075600248717620522e+08,1.720154748354236409e+07
3.915915915915915946e+01,1.067986146490636319e+08,1.706667586327794567e+07
3.921921921921921950e+01,1.060424696728648096e+08,1.693286172658997402e+07
3.927927927927927954e+01,1.052915548161345124e+08,1.680009678210091963e+07
3.933933933933933957e+01,1.045458351723988205e+08,1.666837280344326794e+07
3.939939939939939961e+01,1.038052760545130819e+08,1.653768162874969095e+07
3.945945945945945965e+01,1.030698429934393764e+08,1.640801516014735401e+07
3.951951951951951969e+01,1.023395017370289713e+08,1.627936536325616203e+07
3.957957957957957973e+01,1.016142182488094568e+08,1.615172426669091173e+07
3.963963963963963977e+01,1.008939587067768276e+08,1.602508396156739257e+07
3.969969969969969981e+01,1.001786895021926761e+08,1.589943660101233236e+07
3.975975975975975985e+01,9.946837723838590086e+07,1.577477439967716672e+07
3.981981981981981988e+01,9.876298872955970466e+07,1.565108963325568847e+07
3.987987987987987992e+01,9.806249099960339069e+07,1.552837463800540008e+07
3.993993993993993996e+01,9.736685128090891242e+07,1.540662181027264707e+07
4.000000000000000000e+01,9.667603701319263875e+07,1.528582360602152161e+07
4.006006006006006004e+01,9.599001584232185781e+07,1.516597254036638886e+07
4.012012012012012008e+01,9.530875561914633214e+07,1.504706118710810319e+07
4.018018018018018012e+01,9.463222439833478630e+07,1.492908217827390693e+07
4.024024024024024015e+01,9.396039043721595407e+07,1.481202820366081595e+07
4.030030030030030019e+01,9.329322219462567568e+07,1.469589201038280688e+07
4.036036036036036023e+01,9.263068832975725830e+07,1.458066640242122300e+07
4.042042042042042027e+01,9.197275770101867616e+07,1.446634424017910101e+07
4.048048048048048031e+01,9.131939936489272118e+07,1.435291844003858976e+07
4.054054054054054035e+01,9.067058257480439544e+07,1.424038197392223030e+07
4.060060060060060039e+01,9.002627677999076247e+07,1.412872786885729432e+07
4.066066066066066043e+01,8.938645162437790632e+07,1.401794920654387586e+07
4.072072072072072046e+01,8.875107694546151161e+07,1.390803912292613462e+07
4.078078078078078050e+01,8.812012277319303155e+07,1.379899080776702426e+07
4.084084084084084054e+01,8.749355932887044549e+07,1.369079750422629528e+07
4.090090090090090058e+01,8.687135702403421700e+07,1.358345250844184496e+07
4.096096096096096062e+01,8.625348645936806500e+07,1.347694916911432706e+07
4.102102102102102066e+01,8.563991842360468209e+07,1.337128088709502108e+07
4.108108108108108070e+01,8.503062389243653417e+07,1.326644111497694068e+07
4.114114114114114074e+01,8.442557402743127942e+07,1.316242335668914020e+07
4.120120120120120077e+01,8.382474017495259643e+07,1.305922116709421389e+07
4.126126126126126081e+01,8.322809386508546770e+07,1.295682815158892982e+07
4.132132132132132085e+01,8.263560681056664884e+07,1.285523796570802666e+07
4.138138138138138089e+01,8.204725090572004020e+07,1.275444431473108195e+07
4.144144144144144093e+01,8.146299822539693117e+07,1.265444095329248533e+07
4.150150150150150097e+01,8.088282102392110229e+07,1.255522168499446288e+07
4.156156156156156101e+01,8.030669173403894901e+07,1.245678036202313751e+07
4.162162162162162105e+01,7.973458296587441862e+07,1.235911088476760127e+07
4.168168168168168108e+01,7.916646750588893890e+07,1.226220720144196786e+07
4.174174174174174112e+01,7.860231831584602594e+07,1.216606330771039613e+07
4.180180180180180116e+01,7.804210853178104758e+07,1.207067324631504156e+07
4.186186186186186120e+01,7.748581146297565103e+07,1.197603110670694523e+07
4.192192192192192124e+01,7.693340059093718231e+07,1.188213102467980236e+07
4.198198198198198128e+01,7.638484956838281453e+07,1.178896718200659007e+07
4.204204204204204132e+01,7.584013221822878718e+07,1.169653380607909523e+07
4.210210210210210136e+01,7.529922253258399665e+07,1.160482516955015808e+07
4.216216216216216139e+01,7.476209467174938321e+07,1.151383558997892216e+07
4.222222222222222143e+01,7.422872296322061121e+07,1.142355942947857641e+07
4.228228228228228147e+01,7.369908190069748461e+07,1.133399109436719306e+07
4.234234234234234151e+01,7.317314614309613407e+07,1.124512503482096456e+07
4.240240240240240155e+01,7.265089051356805861e+07,1.115695574453048222e+07
4.246246246246246159e+01,7.213228999852192402e+07,1.106947776035942324e+07
4.252252252252252163e+01,7.161731974665187299e+07,1.098268566200612858e+07
4.258258258258258167e+01,7.110595506796957552e+07,1.089657407166772522e+07
4.264264264264264170e+01,7.059817143284139037e+07,1.081113765370690078e+07
4.270270270270270174e+01,7.009394447103025019e+07,1.072637111432130076e+07
4.276276276276276178e+01,6.959324997074221075e+07,1.064226920121552236e+07
4.282282282282282182e+01,6.909606387767785788e+07,1.055882670327566192e+07
4.288288288288288186e+01,6.860236229408831894e+07,1.047603845024643093e+07
4.294294294294294190e+01,6.811212147783610225e+07,1.039389931241079606e+07
4.300300300300300194e+01,6.762531784146042168e+07,1.031240420027212612e+07
4.306306306306306197e+01,6.714192795124748349e+07,1.023154806423885189e+07
4.312312312312312201e+01,6.666192852630524337e+07,1.015132589431156591e+07
4.318318318318318205e+01,6.618529643764293939e+07,1.007173271977260709e+07
4.324324324324324209e+01,6.571200870725518465e+07,9.992763608878055587e+06
4.330330330330330213e+01,6.524204250721078366e+07,9.914413668552163988e+06
4.336336336336336217e+01,6.477537515874616057e+07,9.836678044084168971e+06
4.342342342342342221e+01,6.431198413136324286e+07,9.759551918827459216e+06
4.348348348348348225e+01,6.385184704193227738e+07,9.683030513901168481e+06
4.354354354354354228e+01,6.339494165379910916e+07,9.607109087894059718e+06
4.360360360360360232e+01,6.294124587589670718e+07,9.531782936570717022e+06
4.366366366366366236e+01,6.249073776186157763e+07,9.457047392580047250e+06
4.372372372372372240e+01,6.204339550915490091e+07,9.382897825166126713e+06
4.378378378378378244e+01,6.159919745818793029e+07,9.309329639881271869e+06
4.384384384384384248e+01,6.115812209145182371e+07,9.236338278301313519e+06
4.390390390390390252e+01,6.072014803265205026e+07,9.163919217743149027e+06
4.396396396396396256e+01,6.028525404584787786e+07,9.092067970984587446e+06
4.402402402402402259e+01,5.985341903459537774e+07,9.020780085986224934e+06
4.408408408408408263e+01,5.942462204109542072e+07,8.950051145615607500e+06
4.414414414414414267e+01,5.899884224534629285e+07,8.879876767373561859e+06
4.420420420420420271e+01,5.857605896430061013e+07,8.810252603122657165e+06
4.426426426426426275e+01,5.815625165102634579e+07,8.741174338817741722e+06
4.432432432432432279e+01,5.773939989387254417e+07,8.672637694238645956e+06
4.438438438438438283e+01,5.732548341563967615e+07,8.604638422725003213e+06
4.444444444444444287e+01,5.691448207275409997e+07,8.537172310913115740e+06
4.450450450450450290e+01,5.650637585444663465e+07,8.470235178474836051e+06
4.456456456456456294e+01,5.610114488193609565e+07,8.403822877858601511e+06
4.462462462462462298e+01,5.569876940761679411e+07,8.337931294032413512e+06
4.468468468468468302e+01,5.529922981425052136e+07,8.272556344228903763e+06
4.474474474474474306e+01,5.490250661416248977e+07,8.207693977692275308e+06
4.480480480480480310e+01,5.450858044844226539e+07,8.143340175427407958e+06
4.486486486486486314e+01,5.411743208614815027e+07,8.079490949950745329e+06
4.492492492492492318e+01,5.372904242351678759e+07,8.016142345043308102e+06
4.498498498498498321e+01,5.334339248317605257e+07,7.953290435505489819e+06
4.504504504504504325e+01,5.296046341336289048e+07,7.890931326913883910e+06
4.510510510510510329e+01,5.258023648714485765e+07,7.829061155379935168e+06
4.516516516516516333e+01,5.220269310164667666e+07,7.767676087310597301e+06
4.522522522522522337e+01,5.182781477727992833e+07,7.706772319170733914e+06
4.528528528528528341e+01,5.145558315697760880e+07,7.646346077247449197e+06
4.534534534534534345e+01,5.108598000543285161e+07,7.586393617416289635e+06
4.540540540540540349e+01,5.071898720834162831e+07,7.526911224909255281e+06
4.546546546546546352e+01,5.035458677164943516e+07,7.467895214084590785e+06
4.552552552552552356e+01,4.999276082080229372e+07,7.409341928198422305e+06
4.558558558558558360e+01,4.963349160000202805e+07,7.351247739178200252e+06
4.564564564564564364e+01,4.927676147146536410e+07,7.293609047397907823e+06
4.570570570570570368e+01,4.892255291468706727e+07,7.236422281454975717e+06
4.576576576576576372e+01,4.857084852570726722e+07,7.179683897949012928e+06
4.582582582582582376e+01,4.822163101638285071e+07,7.123390381262260489e+06
4.588588588588588379e+01,4.787488321366307884e+07,7.067538243341773748e+06
4.594594594594594383e+01,4.753058805886839330e+07,7.012124023483234458e+06
4.600600600600600387e+01,4.718872860697435588e+07,6.957144288116578944e+06
4.606606606606606391e+01,4.684928802589866519e+07,6.902595630593214184e+06
4.612612612612612395e+01,4.651224959579280764e+07,6.848474670974977314e+06
4.618618618618618399e+01,4.617759670833684504e+07,6.794778055824634619e+06
4.624624624624624403e+01,4.584531286603912711e+07,6.741502457998174243e+06
4.630630630630630407e+01,4.551538168153898418e+07,6.688644576438583434e+06
4.636636636636636410e+01,4.518778687691412866e+07,6.636201135971375741e+06
4.642642642642642414e+01,4.486251228299129009e+07,6.584168887101600878e+06
4.648648648648648418e+01,4.453954183866101503e+07,6.532544605812513269e+06
4.654654654654654422e+01,4.421885959019654244e+07,6.481325093365842476e+06
4.660660660660660426e+01,4.390044969057578593e+07,6.430507176103518344e+06
4.666666666666666430e+01,4.358429639880815148e+07,6.380087705251105130e+06
4.672672672672672434e+01,4.327038407926411927e+07,6.330063556722631678e+06
4.678678678678678438e+01,4.295869720100965351e+07,6.280431630927080289e+06
4.684684684684684441e+01,4.264922033714333177e+07,6.231188852576273493e+06
4.690690690690690445e+01,4.234193816413813829e+07,6.182332170494361781e+06
4.696696696696696449e+01,4.203683546118621528e+07,6.133858557428725064e+06
4.702702702702702453e+01,4.173389710954824090e+07,6.085765009862462059e+06
4.708708708708708457e+01,4.143310809190553427e+07,6.038048547828226350e+06
4.714714714714714461e+01,4.113445349171661586e+07,5.990706214723615907e+06
4.720720720720720465e+01,4.083791849257688969e+07,5.943735077127945609e+06
4.726726726726726469e+01,4.054348837758260965e+07,5.897132224620544352e+06
4.732732732732732472e+01,4.025114852869780362e+07,5.850894769600356929e+06
4.738738738738738476e+01,3.996088442612521350e+07,5.805019847107045352e+06
4.744744744744744480e+01,3.967268164768090844e+07,5.759504614643482491e+06
4.750750750750750484e+01,3.938652586817234010e+07,5.714346251999628730e+06
4.756756756756756488e+01,3.910240285877990723e+07,5.669541961077763699e+06
4.762762762762762492e+01,3.882029848644214869e+07,5.625088965719108470e+06
4.768768768768768496e+01,3.854019871324470639e+07,5.580984511531839147e+06
4.774774774774774500e+01,3.826208959581258148e+07,5.537225865720413625e+06
4.780780780780780503e+01,3.798595728470574319e+07,5.493810316916203126e+06
4.786786786786786507e+01,3.771178802381874621e+07,5.450735175009541214e+06
4.792792792792792511e+01,3.743956814978332818e+07,5.407997770983004943e+06
4.798798798798798515e+01,3.716928409137488157e+07,5.365595456746072508e+06
4.804804804804804519e+01,3.690092236892189831e+07,5.323525604970989749e+06
4.810810810810810523e+01,3.663446959371943027e+07,5.281785608930033632e+06
4.816816816816816527e+01,3.636991246744541824e+07,5.240372882333938032e+06
4.822822822822822530e+01,3.610723778158092499e+07,5.199284859171707183e+06
4.828828828828828534e+01,3.584643241683333367e+07,5.158518993551559746e+06
4.834834834834834538e+01,3.558748334256317466e+07,5.118072759543219581e+06
4.840840840840840542e+01,3.533037761621409655e+07,5.077943651021373458e+06
4.846846846846846546e+01,3.507510238274663687e+07,5.038129181510427035e+06
4.852852852852852550e+01,3.482164487407465279e+07,4.998626884030405432e+06
4.858858858858858554e+01,3.456999240850551426e+07,4.959434310944094323e+06
4.864864864864864558e+01,3.432013239018353075e+07,4.920549033805398270e+06
4.870870870870870561e+01,3.407205230853669345e+07,4.881968643208871596e+06
4.876876876876876565e+01,3.382573973772637546e+07,4.843690748640404083e+06
4.882882882882882569e+01,3.358118233610055596e+07,4.805712978329107165e+06
4.888888888888888573e+01,3.333836784565035626e+07,4.768032979100368917e+06
4.894894894894894577e+01,3.309728409146955982e+07,4.730648416230043396e+06
4.900900900900900581e+01,3.285791898121742159e+07,4.693556973299775273e+06
4.906906906906906585e+01,3.262026050458454341e+07,4.656756352053463459e+06
4.912912912912912589e+01,3.238429673276235908e+07,4.620244272254892625e+06
4.918918918918918592e+01,3.215001581791516393e+07,4.584018471546411514e+06
4.924924924924924596e+01,3.191740599265562743e+07,4.548076705308754928e+06
4.930930930930930600e+01,3.168645556952346116e+07,4.512416746521981433e+06
4.936936936936936604e+01,3.145715294046713784e+07,4.477036385627480224e+06
4.942942942942942608e+01,3.122948657632851228e+07,4.441933430391044356e+06
4.948948948948948612e+01,3.100344502633073926e+07,4.407105705767045729e+06
4.954954954954954616e+01,3.077901691756927595e+07,4.372551053763669915e+06
4.960960960960960620e+01,3.055619095450585335e+07,4.338267333309209906e+06
4.966966966966966623e+01,3.033495591846525669e+07,4.304252420119374059e+06
4.972972972972972627e+01,3.011530066713561490e+07,4.270504206565687433e+06
4.978978978978978631e+01,2.989721413407123089e+07,4.237020601544883102e+06
4.984984984984984635e+01,2.968068532819875702e+07,4.203799530349358916e+06
4.990990990990990639e+01,2.946570333332589269e+07,4.170838934538580477e+06
4.996996996996996643e+01,2.925225730765361339e+07,4.138136771811581217e+06
5.003003003003002647e+01,2.904033648329075426e+07,4.105691015880379360e+06
5.009009009009008651e+01,2.882993016577211767e+07,4.073499656344466377e+06
5.015015015015014654e+01,2.862102773357888684e+07,4.041560698566202074e+06
5.021021021021020658e+01,2.841361863766242564e+07,4.009872163547243923e+06
5.027027027027026662e+01,2.820769240097057074e+07,3.978432087805905379e+06
5.033033033033032666e+01,2.800323861797723174e+07,3.947238523255527485e+06
5.039039039039038670e+01,2.780024695421439409e+07,3.916289537083741277e+06
5.045045045045044674e+01,2.759870714580715075e+07,3.885583211632709950e+06
5.051051051051050678e+01,2.739860899901170656e+07,3.855117644280323293e+06
5.057057057057056682e+01,2.719994238975599036e+07,3.824890947322307155e+06
5.063063063063062685e+01,2.700269726318304986e+07,3.794901247855237685e+06
5.069069069069068689e+01,2.680686363319730759e+07,3.765146687660503667e+06
5.075075075075074693e+01,2.661243158201362565e+07,3.735625423089172691e+06
5.081081081081080697e+01,2.641939125970907509e+07,3.706335624947756529e+06
5.087087087087086701e+01,2.622773288377736881e+07,3.677275478384862188e+06
5.093093093093092705e+01,2.603744673868599162e+07,3.648443182778735179e+06
5.099099099099098709e+01,2.584852317543631047e+07,3.619836951625704765e+06
5.105105105105104712e+01,2.566095261112614349e+07,3.591455012429492548e+06
5.111111111111110716e+01,2.547472552851484343e+07,3.563295606591354124e+06
5.117117117117116720e+01,2.528983247559151798e+07,3.535356989301147405e+06
5.123123123123122724e+01,2.510626406514549255e+07,3.507637429429200478e+06
5.129129129129129439e+01,2.492401097433960810e+07,3.480135209419061430e+06
5.135135135135135442e+01,2.474306394428609312e+07,3.452848625181070063e+06
5.141141141141141446e+01,2.456341377962489426e+07,3.425775985986751504e+06
5.147147147147147450e+01,2.438505134810496867e+07,3.398915614364086650e+06
5.153153153153153454e+01,2.420796758016769588e+07,3.372265845993542578e+06
5.159159159159159458e+01,2.403215346853335202e+07,3.345825029604981188e+06
5.165165165165165462e+01,2.385760006778965518e+07,3.319591526875312906e+06
5.171171171171171466e+01,2.368429849398315325e+07,3.293563712326996960e+06
5.177177177177177470e+01,2.351223992421311140e+07,3.267739973227330018e+06
5.183183183183183473e+01,2.334141559622771665e+07,3.242118709488494787e+06
5.189189189189189477e+01,2.317181680802307650e+07,3.216698333568447269e+06
5.195195195195195481e+01,2.300343491744438931e+07,3.191477270372515544e+06
5.201201201201201485e+01,2.283626134178994223e+07,3.166453957155842800e+06
5.207207207207207489e+01,2.267028755741715431e+07,3.141626843426520936e+06
5.213213213213213493e+01,2.250550509935144335e+07,3.116994390849540941e+06
5.219219219219219497e+01,2.234190556089718267e+07,3.092555073151456192e+06
5.225225225225225500e+01,2.217948059325148538e+07,3.068307376025840174e+06
5.231231231231231504e+01,2.201822190511994436e+07,3.044249797039428726e+06
5.237237237237237508e+01,2.185812126233511418e+07,3.020380845539043657e+06
5.243243243243243512e+01,2.169917048747709394e+07,2.996699042559212074e+06
5.249249249249249516e+01,2.154136145949682221e+07,2.973202920730554499e+06
5.255255255255255520e+01,2.138468611334136501e+07,2.949891024188840296e+06
5.261261261261261524e+01,2.122913643958166987e+07,2.926761908484777901e+06
5.267267267267267528e+01,2.107470448404280841e+07,2.903814140494532418e+06
5.273273273273273531e+01,2.092138234743633494e+07,2.881046298330919817e+06
5.279279279279279535e+01,2.076916218499498814e+07,2.858456971255295910e+06
5.285285285285285539e+01,2.061803620610966906e+07,2.836044759590145666e+06
5.291291291291291543e+01,2.046799667396880686e+07,2.813808274632365443e+06
5.297297297297297547e+01,2.031903590519992635e+07,2.791746138567218091e+06
5.303303303303303551e+01,2.017114626951328292e+07,2.769856984382939059e+06
5.309309309309309555e+01,2.002432018934807181e+07,2.748139455786060076e+06
5.315315315315315559e+01,1.987855013952059671e+07,2.726592207117354032e+06
5.321321321321321562e+01,1.973382864687480778e+07,2.705213903268470429e+06
5.327327327327327566e+01,1.959014828993485868e+07,2.684003219599185046e+06
5.333333333333333570e+01,1.944750169856010005e+07,2.662958841855349950e+06
5.339339339339339574e+01,1.930588155360197648e+07,2.642079466087436303e+06
5.345345345345345578e+01,1.916528058656339720e+07,2.621363798569763545e+06
5.351351351351351582e+01,1.902569157925992087e+07,2.600810555720315780e+06
5.357357357357357586e+01,1.888710736348334327e+07,2.580418464021221735e+06
5.363363363363363590e+01,1.874952082066719607e+07,2.560186259939830750e+06
5.369369369369369593e+01,1.861292488155467436e+07,2.540112689850447234e+06
5.375375375375375597e+01,1.847731252586827055e+07,2.520196509956630412e+06
5.381381381381381601e+01,1.834267678198176622e+07,2.500436486214129720e+06
5.387387387387387605e+01,1.820901072659425810e+07,2.480831394254431594e+06
5.393393393393393609e+01,1.807630748440622538e+07,2.461380019308891613e+06
5.399399399399399613e+01,1.794456022779760510e+07,2.442081156133459415e+06
5.405405405405405617e+01,1.781376217650795728e+07,2.422933608933999203e+06
5.411411411411411621e+01,1.768390659731870145e+07,2.403936191292203031e+06
5.417417417417417624e+01,1.755498680373735353e+07,2.385087726092079654e+06
5.423423423423423628e+01,1.742699615568368137e+07,2.366387045447009150e+06
5.429429429429429632e+01,1.729992805917790532e+07,2.347832990627375431e+06
5.435435435435435636e+01,1.717377596603105217e+07,2.329424411988791078e+06
5.441441441441441640e+01,1.704853337353699282e+07,2.311160168900840450e+06
5.447447447447447644e+01,1.692419382416659594e+07,2.293039129676408134e+06
5.453453453453453648e+01,1.680075090526389703e+07,2.275060171501565725e+06
5.459459459459459651e+01,1.667819824874411151e+07,2.257222180366001092e+06
5.465465465465465655e+01,1.655652953079354763e+07,2.239524050993980840e+06
5.471471471471471659e+01,1.643573847157149762e+07,2.221964686775869690e+06
5.477477477477477663e+01,1.631581883491406031e+07,2.204542999700186308e+06
5.483483483483483667e+01,1.619676442803985439e+07,2.187257910286193248e+06
5.489489489489489671e+01,1.607856910125744529e+07,2.170108347516990732e+06
5.495495495495495675e+01,1.596122674767492712e+07,2.153093248773173895e+06
5.501501501501501679e+01,1.584473130291115120e+07,2.136211559766981285e+06
5.507507507507507682e+01,1.572907674480894580e+07,2.119462234476978425e+06
5.513513513513513686e+01,1.561425709314996935e+07,2.102844235083224718e+06
5.519519519519519690e+01,1.550026640937171876e+07,2.086356531902993564e+06
5.525525525525525694e+01,1.538709879628598690e+07,2.069998103326946497e+06
5.531531531531531698e+01,1.527474839779949374e+07,2.053767935755856801e+06
5.537537537537537702e+01,1.516320939863599651e+07,2.037665023537785513e+06
5.543543543543543706e+01,1.505247602406039834e+07,2.021688368905779207e+06
5.549549549549549710e+01,1.494254253960448317e+07,2.005836981916037388e+06
5.555555555555555713e+01,1.483340325079463609e+07,1.990109880386590259e+06
5.561561561561561717e+01,1.472505250288104638e+07,1.974506089836425614e+06
5.567567567567567721e+01,1.461748468056881242e+07,1.959024643425109563e+06
5.573573573573573725e+01,1.451069420775080845e+07,1.943664581892886432e+06
5.579579579579579729e+01,1.440467554724220745e+07,1.928424953501241049e+06
5.585585585585585733e+01,1.429942320051672496e+07,1.913304813973920653e+06
5.591591591591591737e+01,1.419493170744452626e+07,1.898303226438425016e+06
5.597597597597597741e+01,1.409119564603198692e+07,1.883419261367963627e+06
5.603603603603603744e+01,1.398820963216298260e+07,1.868651996523860842e+06
5.609609609609609748e+01,1.388596831934189610e+07,1.854000516898403410e+06
5.615615615615615752e+01,1.378446639843825623e+07,1.839463914658147842e+06
5.621621621621621756e+01,1.368369859743314609e+07,1.825041289087672951e+06
5.627627627627627760e+01,1.358365968116718531e+07,1.810731746533774072e+06
5.633633633633633764e+01,1.348434445109002665e+07,1.796534400350074051e+06
5.639639639639639768e+01,1.338574774501171894e+07,1.782448370842102449e+06
5.645645645645645772e+01,1.328786443685549125e+07,1.768472785212777555e+06
5.651651651651651775e+01,1.319068943641226925e+07,1.754606777508335654e+06
5.657657657657657779e+01,1.309421768909662217e+07,1.740849488564659609e+06
5.663663663663663783e+01,1.299844417570453696e+07,1.727200065954060992e+06
5.669669669669669787e+01,1.290336391217250004e+07,1.713657663932445925e+06
5.675675675675675791e+01,1.280897194933842309e+07,1.700221443386927713e+06
5.681681681681681795e+01,1.271526337270387262e+07,1.686890571783819236e+06
5.687687687687687799e+01,1.262223330219799839e+07,1.673664223117053742e+06
5.693693693693693803e+01,1.252987689194301330e+07,1.660541577857009368e+06
5.699699699699699806e+01,1.243818933002103679e+07,1.647521822899715044e+06
5.705705705705705810e+01,1.234716583824271895e+07,1.634604151516485494e+06
5.711711711711711814e+01,1.225680167191708833e+07,1.621787763303919230e+06
5.717717717717717818e+01,1.216709211962320097e+07,1.609071864134320524e+06
5.723723723723723822e+01,1.207803250298299640e+07,1.596455666106480872e+06
5.729729729729729826e+01,1.198961817643585056e+07,1.583938387496864656e+06
5.735735735735735830e+01,1.190184452701445110e+07,1.571519252711165696e+06
5.741741741741741833e+01,1.181470697412231937e+07,1.559197492236264050e+06
5.747747747747747837e+01,1.172820096931259148e+07,1.546972342592531582e+06
5.753753753753753841e+01,1.164232199606833979e+07,1.534843046286527766e+06
5.759759759759759845e+01,1.155706556958438829e+07,1.522808851764070103e+06
5.765765765765765849e+01,1.147242723655049503e+07,1.510869013363665203e+06
5.771771771771771853e+01,1.138840257493591309e+07,1.499022791270299349e+06
5.777777777777777857e+01,1.130498719377544150e+07,1.487269451469602762e+06
5.783783783783783861e+01,1.122217673295687512e+07,1.475608265702369157e+06
5.789789789789789864e+01,1.113996686300984398e+07,1.464038511419434100e+06
5.795795795795795868e+01,1.105835328489598446e+07,1.452559471736898646e+06
5.801801801801801872e+01,1.097733172980053723e+07,1.441170435391709208e+06
5.807807807807807876e+01,1.089689795892535150e+07,1.429870696697593667e+06
5.813813813813813880e+01,1.081704776328320801e+07,1.418659555501333205e+06
5.819819819819819884e+01,1.073777696349343657e+07,1.407536317139371298e+06
5.825825825825825888e+01,1.065908140957902931e+07,1.396500292394783348e+06
5.831831831831831892e+01,1.058095698076493852e+07,1.385550797454562271e+06
5.837837837837837895e+01,1.050339958527784050e+07,1.374687153867257060e+06
5.843843843843843899e+01,1.042640516014705412e+07,1.363908688500921475e+06
5.849849849849849903e+01,1.034996967100696079e+07,1.353214733501419891e+06
5.855855855855855907e+01,1.027408911190056056e+07,1.342604626251032110e+06
5.861861861861861911e+01,1.019875950508448854e+07,1.332077709327411838e+06
5.867867867867867915e+01,1.012397690083514154e+07,1.321633330462837592e+06
5.873873873873873919e+01,1.004973737725624256e+07,1.311270842503804481e+06
5.879879879879879923e+01,9.976037040087547153e+06,1.300989603370919591e+06
5.885885885885885926e+01,9.902872022514965385e+06,1.290788976019126829e+06
5.891891891891891930e+01,9.830238484981792048e+06,1.280668328398226993e+06
5.897897897897897934e+01,9.758132615001235157e+06,1.270627033413713099e+06
5.903903903903903938e+01,9.686550626970252022e+06,1.260664468887920259e+06
5.909909909909909942e+01,9.615488761984556913e+06,1.250780017521474743e+06
5.915915915915915946e+01,9.544943287654833868e+06,1.240973066855039680e+06
5.921921921921921950e+01,9.474910497924193740e+06,1.231243009231365984e+06
5.927927927927927954e+01,9.405386712886894122e+06,1.221589241757645970e+06
5.933933933933933957e+01,9.336368278608199209e+06,1.212011166268156841e+06
5.939939939939939961e+01,9.267851566945398226e+06,1.202508189287188696e+06
5.945945945945945965e+01,9.199832975370138884e+06,1.193079721992280101e+06
5.951951951951951969e+01,9.132308926791843027e+06,1.183725180177733768e+06
5.957957957957957973e+01,9.065275869382303208e+06,1.174443984218412777e+06
5.963963963963963977e+01,8.998730276401458308e+06,1.165235559033825761e+06
5.969969969969969981e+01,8.932668646024370566e+06,1.156099334052499617e+06
5.975975975975975985e+01,8.867087501169305295e+06,1.147034743176623946e+06
5.981981981981981988e+01,8.801983389326952398e+06,1.138041224746971857e+06
5.987987987987987992e+01,8.737352882390774786e+06,1.129118221508096904e+06
5.993993993993993996e+01,8.673192576488569379e+06,1.120265180573810358e+06
6.000000000000000000e+01,8.609499091815078631e+06,1.111481553392922971e+06
