0.000000000000000000e+00,0.000000000000000000e+00,5.525580368378170013e+09
6.006006006006005954e-02,1.339613324679968596e+09,5.466213338623088837e+09
1.201201201201201191e-01,1.874144764664212704e+09,5.407484150323018074e+09
1.801801801801801717e-01,2.270687876380197048e+09,5.349385950486939430e+09
2.402402402402402382e-01,2.593794034428810120e+09,5.291911959752608299e+09
3.003003003003003046e-01,2.868792726725560188e+09,5.235055471595490456e+09
3.603603603603603434e-01,3.108840720087267876e+09,5.178809851546182632e+09
4.204204204204204376e-01,3.321854026328211308e+09,5.123168536416260719e+09
4.804804804804804763e-01,3.513056990723137379e+09,5.068125033532420158e+09
5.405405405405405705e-01,3.686125641164222717e+09,5.013672919978871346e+09
6.006006006006006093e-01,3.843771451617427349e+09,4.959805841847856522e+09
6.606606606606606480e-01,3.988068204127852440e+09,4.906517513498227119e+09
7.207207207207206867e-01,4.120648169623210430e+09,4.853801716821982384e+09
7.807807807807807254e-01,4.242826431978043556e+09,4.801652300518693924e+09
8.408408408408408752e-01,4.355683201397700310e+09,4.750063179377721786e+09
9.009009009009009139e-01,4.460120315073740959e+09,4.699028333568140030e+09
9.609609609609609526e-01,4.556901211478871346e+09,4.648541807936302185e+09
1.021021021021021102e+00,4.646679950593426704e+09,4.598597711310937881e+09
1.081081081081081141e+00,4.730022755179089546e+09,4.549190215815732956e+09
1.141141141141141180e+00,4.807424313196310043e+09,4.500313556189275742e+09
1.201201201201201219e+00,4.879320327386469841e+09,4.451962029112328529e+09
1.261261261261261257e+00,4.946097322905530930e+09,4.404129992542318344e+09
1.321321321321321296e+00,5.008100416131512642e+09,4.356811865054970741e+09
1.381381381381381335e+00,5.065639543476906776e+09,4.310002125193034172e+09
1.441441441441441373e+00,5.118994510436052322e+09,4.263695310821986198e+09
1.501501501501501412e+00,5.168419125201405525e+09,4.217886018492670536e+09
1.561561561561561451e+00,5.214144613647527695e+09,4.172568902810776711e+09
1.621621621621621712e+00,5.256382464148775101e+09,4.127738675813101292e+09
1.681681681681681750e+00,5.295326815595154762e+09,4.083390106350502968e+09
1.741741741741741789e+00,5.331156476133672714e+09,4.039518019477488518e+09
1.801801801801801828e+00,5.364036640908241272e+09,3.996117295848361969e+09
1.861861861861861867e+00,5.394120362558155060e+09,3.953182871119860649e+09
1.921921921921921905e+00,5.421549817179858208e+09,3.910709735360198498e+09
1.981981981981981944e+00,5.446457399952439308e+09,3.868692932464478016e+09
2.042042042042042205e+00,5.468966678025561333e+09,3.827127559576362133e+09
2.102102102102102243e+00,5.489193223099893570e+09,3.786008766515978813e+09
2.162162162162162282e+00,5.507245342051133156e+09,3.745331755213956833e+09
2.222222222222222321e+00,5.523224720705670357e+09,3.705091779151551247e+09
2.282282282282282360e+00,5.537226993279201508e+09,3.665284142806781769e+09
2.342342342342342398e+00,5.549342247896843910e+09,3.625904201106522083e+09
2.402402402402402437e+00,5.559655476915985107e+09,3.586947358884472847e+09
2.462462462462462476e+00,5.568246979388507843e+09,3.548409070344964504e+09
2.522522522522522515e+00,5.575192721863223076e+09,3.510284838532515526e+09
2.582582582582582553e+00,5.580564662792669296e+09,3.472570214807091713e+09
2.642642642642642592e+00,5.584431045032189369e+09,3.435260798325006008e+09
2.702702702702702631e+00,5.586856660272707939e+09,3.398352235525388241e+09
2.762762762762762669e+00,5.587903088707970619e+09,3.361840219622179508e+09
2.822822822822822708e+00,5.587628916782640457e+09,3.325720490101583481e+09
2.882882882882882747e+00,5.586089935484522820e+09,3.289988832224911690e+09
2.942942942942942786e+00,5.583339321319599152e+09,3.254641076536778450e+09
3.003003003003002824e+00,5.579427801832716942e+09,3.219673098378571510e+09
3.063063063063062863e+00,5.574403807301446915e+09,3.185080817407155991e+09
3.123123123123122902e+00,5.568313610029135704e+09,3.150860197118749619e+09
3.183183183183182940e+00,5.561201452490186691e+09,3.117007244377904415e+09
3.243243243243243423e+00,5.553109665431524277e+09,3.083518008951562881e+09
3.303303303303303462e+00,5.544078776905356407e+09,3.050388583048111439e+09
3.363363363363363501e+00,5.534147613096736908e+09,3.017615100861383438e+09
3.423423423423423539e+00,5.523353391712334633e+09,2.985193738119571686e+09
3.483483483483483578e+00,5.511731808612315178e+09,2.953120711638981819e+09
3.543543543543543617e+00,5.499317118293292999e+09,2.921392278882574081e+09
3.603603603603603656e+00,5.486142208765607834e+09,2.890004737523259163e+09
3.663663663663663694e+00,5.472238671311367989e+09,2.858954425011883736e+09
3.723723723723723733e+00,5.457636865559652328e+09,2.828237718149846554e+09
3.783783783783783772e+00,5.442365980271172523e+09,2.797851032666322708e+09
3.843843843843843811e+00,5.426454090185663223e+09,2.767790822800017357e+09
3.903903903903903849e+00,5.409928209250764847e+09,2.738053580885420322e+09
3.963963963963963888e+00,5.392814340520437241e+09,2.708635836943504333e+09
4.024024024024024371e+00,5.375137522983704567e+09,2.679534158276815891e+09
4.084084084084084409e+00,5.356921875560219765e+09,2.650745149068925858e+09
4.144144144144144448e+00,5.338190638477397919e+09,2.622265449988175869e+09
4.204204204204204487e+00,5.318966212224523544e+09,2.594091737795684338e+09
4.264264264264264526e+00,5.299270194261769295e+09,2.566220724957565308e+09
4.324324324324324564e+00,5.279123413646533012e+09,2.538649159261313438e+09
4.384384384384384603e+00,5.258545963725392342e+09,2.511373823436307430e+09
4.444444444444444642e+00,5.237557233027434349e+09,2.484391534778394699e+09
4.504504504504504681e+00,5.216175934483236313e+09,2.457699144778510094e+09
4.564564564564564719e+00,5.194420133083556175e+09,2.431293538755277634e+09
4.624624624624624758e+00,5.172307272082447052e+09,2.405171635491569042e+09
4.684684684684684797e+00,5.149854197841110229e+09,2.379330386874962330e+09
4.744744744744744835e+00,5.127077183401126862e+09,2.353766777542060375e+09
4.804804804804804874e+00,5.103991950868807793e+09,2.328477824526637077e+09
4.864864864864864913e+00,5.080613692686053276e+09,2.303460576911561489e+09
4.924924924924924952e+00,5.056957091857387543e+09,2.278712115484458923e+09
4.984984984984984990e+00,5.033036341197566986e+09,2.254229552397074699e+09
5.045045045045045029e+00,5.008865161659439087e+09,2.230010030828299046e+09
5.105105105105105068e+00,4.984456819797261238e+09,2.206050724650807381e+09
5.165165165165165106e+00,4.959824144416777611e+09,2.182348838101285934e+09
5.225225225225225145e+00,4.934979542459658623e+09,2.158901605454201698e+09
5.285285285285285184e+00,4.909935014166497231e+09,2.135706290699073792e+09
5.345345345345345223e+00,4.884702167559574127e+09,2.112760187221211910e+09
5.405405405405405261e+00,4.859292232283678055e+09,2.090060617485893011e+09
5.465465465465465300e+00,4.833716072840702057e+09,2.067604932725917816e+09
5.525525525525525339e+00,4.807984201251329422e+09,2.045390512632536888e+09
5.585585585585585378e+00,4.782106789174908638e+09,2.023414765049689293e+09
5.645645645645645416e+00,4.756093679516585350e+09,2.001675125671531439e+09
5.705705705705705455e+00,4.729954397548834801e+09,1.980169057743208647e+09
5.765765765765765494e+00,4.703698161572868347e+09,1.958894051764853001e+09
5.825825825825825532e+00,4.677333893143680573e+09,1.937847625198749542e+09
5.885885885885885571e+00,4.650870226881107330e+09,1.917027322179656267e+09
5.945945945945945610e+00,4.624315519887784958e+09,1.896430713228233814e+09
6.006006006006005649e+00,4.597677860793731689e+09,1.876055394967554569e+09
6.066066066066065687e+00,4.570965078445933342e+09,1.855898989842655659e+09
6.126126126126125726e+00,4.544184750260366440e+09,1.835959145843110085e+09
6.186186186186185765e+00,4.517344210252724648e+09,1.816233536228572607e+09
6.246246246246245803e+00,4.490450556763271332e+09,1.796719859257278204e+09
6.306306306306305842e+00,4.463510659890236855e+09,1.777415837917456865e+09
6.366366366366365881e+00,4.436531168645459175e+09,1.758319219661632299e+09
6.426426426426426808e+00,4.409518517845088005e+09,1.739427776143777370e+09
6.486486486486486847e+00,4.382478934747544289e+09,1.720739302959294081e+09
6.546546546546546885e+00,4.355418445450159073e+09,1.702251619387785196e+09
6.606606606606606924e+00,4.328342881055353165e+09,1.683962568138587236e+09
6.666666666666666963e+00,4.301257883616602898e+09,1.665870015099046707e+09
6.726726726726727001e+00,4.274168911873870850e+09,1.647971849085490465e+09
6.786786786786787040e+00,4.247081246787673950e+09,1.630265981596875668e+09
6.846846846846847079e+00,4.219999996880501747e+09,1.612750346571089745e+09
6.906906906906907118e+00,4.192930103393785477e+09,1.595422900143864870e+09
6.966966966966967156e+00,4.165876345268224716e+09,1.578281620410279274e+09
7.027027027027027195e+00,4.138843343954916954e+09,1.561324507188832283e+09
7.087087087087087234e+00,4.111835568064248562e+09,1.544549581788042307e+09
7.147147147147147273e+00,4.084857337859278202e+09,1.527954886775557518e+09
7.207207207207207311e+00,4.057912829599926949e+09,1.511538485749749899e+09
7.267267267267267350e+00,4.031006079743988037e+09,1.495298463113758087e+09
7.327327327327327389e+00,4.004140989010706425e+09,1.479232923851959944e+09
7.387387387387387427e+00,3.977321326312375069e+09,1.463339993308848381e+09
7.447447447447447466e+00,3.950550732559127808e+09,1.447617816970281839e+09
7.507507507507507505e+00,3.923832724341867447e+09,1.432064560247081757e+09
7.567567567567567544e+00,3.897170697498059273e+09,1.416678408260962248e+09
7.627627627627627582e+00,3.870567930564846039e+09,1.401457565632752657e+09
7.687687687687687621e+00,3.844027588123790741e+09,1.386400256272899628e+09
7.747747747747747660e+00,3.817552724041297913e+09,1.371504723174217224e+09
7.807807807807807698e+00,3.791146284608650684e+09,1.356769228206868410e+09
7.867867867867867737e+00,3.764811111585339069e+09,1.342192051915543556e+09
7.927927927927927776e+00,3.738549945149252415e+09,1.327771493318820000e+09
7.987987987987987815e+00,3.712365426757148266e+09,1.313505869710680723e+09
8.048048048048048742e+00,3.686260101918601990e+09,1.299393516464160919e+09
8.108108108108108780e+00,3.660236422886572361e+09,1.285432786837106705e+09
8.168168168168168819e+00,3.634296751267539501e+09,1.271622051780019283e+09
8.228228228228228858e+00,3.608443360554061413e+09,1.257959699745965242e+09
8.288288288288288896e+00,3.582678438582453251e+09,1.244444136502527952e+09
8.348348348348348935e+00,3.557004089918222904e+09,1.231073784945779800e+09
8.408408408408408974e+00,3.531422338171729088e+09,1.217847084916253805e+09
8.468468468468469013e+00,3.505935128246468544e+09,1.204762493016890526e+09
8.528528528528529051e+00,3.480544328522289753e+09,1.191818482432943344e+09
8.588588588588589090e+00,3.455251732975714207e+09,1.179013542753816128e+09
8.648648648648649129e+00,3.430059063239495754e+09,1.166346179796818256e+09
8.708708708708709167e+00,3.404967970603433132e+09,1.153814915432809591e+09
8.768768768768769206e+00,3.379980037958372593e+09,1.141418287413722754e+09
8.828828828828829245e+00,3.355096781685278416e+09,1.129154849201932907e+09
8.888888888888889284e+00,3.330319653491164207e+09,1.117023169801468372e+09
8.948948948948949322e+00,3.305650042193603516e+09,1.105021833591027737e+09
9.009009009009009361e+00,3.281089275455465317e+09,1.093149440158794165e+09
9.069069069069069400e+00,3.256638621471497059e+09,1.081404604139024973e+09
9.129129129129129439e+00,3.232299290608255863e+09,1.069785955050396323e+09
9.189189189189189477e+00,3.208072436998871326e+09,1.058292137136082768e+09
9.249249249249249516e+00,3.183959160094074726e+09,1.046921809205558658e+09
9.309309309309309555e+00,3.159960506170829773e+09,1.035673644478096724e+09
9.369369369369369593e+00,3.136077469799901009e+09,1.024546330427947283e+09
9.429429429429429632e+00,3.112310995273623466e+09,1.013538568631184578e+09
9.489489489489489671e+00,3.088661977995080948e+09,1.002649074614195228e+09
9.549549549549549710e+00,3.065131265829879284e+09,9.918765777037944794e+08
9.609609609609609748e+00,3.041719660421650887e+09,9.812198208789557219e+08
9.669669669669669787e+00,3.018427918472363949e+09,9.706775606241307259e+08
9.729729729729729826e+00,2.995256752988512039e+09,9.602485667841446400e+08
9.789789789789789864e+00,2.972206834494185925e+09,9.499316224206550121e+08
9.849849849849849903e+00,2.949278792212015152e+09,9.397255236701467037e+08
9.909909909909909942e+00,2.926473215212913513e+09,9.296290796034560204e+08
9.969969969969969981e+00,2.903790653535564423e+09,9.196411120868048668e+08
1.003003003003003002e+01,2.881231619276504993e+09,9.097604556443257332e+08
1.009009009009009006e+01,2.858796587651672363e+09,8.999859573220643997e+08
1.015015015015015010e+01,2.836485998030235767e+09,8.903164765534449816e+08
1.021021021021021014e+01,2.814300254941503525e+09,8.807508850261788368e+08
1.027027027027027017e+01,2.792239729055676460e+09,8.712880665506038666e+08
1.033033033033033021e+01,2.770304758139193058e+09,8.619269169294396639e+08
1.039039039039039025e+01,2.748495647985380650e+09,8.526663438289395571e+08
1.045045045045045029e+01,2.726812673321106434e+09,8.435052666514292955e+08
1.051051051051051033e+01,2.705256078690104485e+09,8.344426164092140198e+08
1.057057057057057037e+01,2.683826079313628674e+09,8.254773355998402834e+08
1.063063063063063041e+01,2.662522861929049015e+09,8.166083780826982260e+08
1.069069069069069045e+01,2.641346585607020378e+09,8.078347089569492340e+08
1.075075075075075048e+01,2.620297382547795773e+09,7.991553044407663345e+08
1.081081081081081052e+01,2.599375358857253551e+09,7.905691517518696785e+08
1.087087087087087056e+01,2.578580595303215027e+09,7.820752489893478155e+08
1.093093093093093060e+01,2.557913148052556515e+09,7.736726050167491436e+08
1.099099099099099064e+01,2.537373049389647484e+09,7.653602393464257717e+08
1.105105105105105068e+01,2.516960308416630745e+09,7.571371820251237154e+08
1.111111111111111072e+01,2.496674911736003399e+09,7.490024735208010674e+08
1.117117117117117076e+01,2.476516824115999222e+09,7.409551646106622219e+08
1.123123123123123079e+01,2.456485989139201641e+09,7.329943162703942060e+08
1.129129129129129083e+01,2.436582329834860325e+09,7.251189995645941496e+08
1.135135135135135087e+01,2.416805749295318127e+09,7.173282955383741856e+08
1.141141141141141091e+01,2.397156131276974678e+09,7.096212951101301908e+08
1.147147147147147095e+01,2.377633340786193848e+09,7.019970989654622078e+08
1.153153153153153099e+01,2.358237224650543213e+09,6.944548174522362947e+08
1.159159159159159103e+01,2.338967612075747967e+09,6.869935704767723083e+08
1.165165165165165106e+01,2.319824315188730240e+09,6.796124874011470079e+08
1.171171171171171110e+01,2.300807129567094326e+09,6.723107069416021109e+08
1.177177177177177114e+01,2.281915834755398750e+09,6.650873770680423975e+08
1.183183183183183118e+01,2.263150194768563271e+09,6.579416549046134949e+08
1.189189189189189122e+01,2.244509958582737923e+09,6.508727066313494444e+08
1.195195195195195126e+01,2.225994860613944054e+09,6.438797073868747950e+08
1.201201201201201130e+01,2.207604621184807301e+09,6.369618411721538305e+08
1.207207207207207134e+01,2.189338946979685307e+09,6.301183007552731037e+08
1.213213213213213137e+01,2.171197531488473892e+09,6.233482875772476196e+08
1.219219219219219141e+01,2.153180055439381123e+09,6.166510116588377953e+08
1.225225225225225145e+01,2.135286187220945835e+09,6.100256915083690882e+08
1.231231231231231149e+01,2.117515583293574333e+09,6.034715540305404663e+08
1.237237237237237153e+01,2.099867888590845346e+09,5.969878344362148046e+08
1.243243243243243157e+01,2.082342736910843134e+09,5.905737761531754732e+08
1.249249249249249161e+01,2.064939751297776937e+09,5.842286307378448248e+08
1.255255255255255165e+01,2.047658544414104462e+09,5.779516577879493237e+08
1.261261261261261168e+01,2.030498718903412819e+09,5.717421248561232090e+08
1.267267267267267172e+01,2.013459867744275808e+09,5.655993073644415140e+08
1.273273273273273176e+01,1.996541574595309019e+09,5.595224885198696852e+08
1.279279279279279180e+01,1.979743414131637812e+09,5.535109592306222916e+08
1.285285285285285362e+01,1.963064952372997761e+09,5.475640180234212875e+08
1.291291291291291365e+01,1.946505747003652573e+09,5.416809709616427422e+08
1.297297297297297369e+01,1.930065347684345007e+09,5.358611315643416643e+08
1.303303303303303373e+01,1.913743296356464148e+09,5.301038207261484265e+08
1.309309309309309377e+01,1.897539127538624048e+09,5.244083666380257607e+08
1.315315315315315381e+01,1.881452368615829945e+09,5.187741047088754773e+08
1.321321321321321385e+01,1.865482540121420145e+09,5.132003774879904389e+08
1.327327327327327389e+01,1.849629156011944532e+09,5.076865345883366466e+08
1.333333333333333393e+01,1.833891723935157776e+09,5.022319326106613874e+08
1.339339339339339396e+01,1.818269745491294861e+09,4.968359350684158206e+08
1.345345345345345400e+01,1.802762716487778425e+09,4.914979123134855032e+08
1.351351351351351404e+01,1.787370127187524557e+09,4.862172414627168179e+08
1.357357357357357408e+01,1.772091462550994396e+09,4.809933063252347708e+08
1.363363363363363412e+01,1.756926202472143650e+09,4.758254973305415511e+08
1.369369369369369416e+01,1.741873822008409739e+09,4.707132114573854804e+08
1.375375375375375420e+01,1.726933791604880333e+09,4.656558521633965969e+08
1.381381381381381424e+01,1.712105577312787056e+09,4.606528293154771328e+08
1.387387387387387427e+01,1.697388641002443790e+09,4.557035591209399104e+08
1.393393393393393431e+01,1.682782440570776701e+09,4.508074640593872070e+08
1.399399399399399435e+01,1.668286430143562794e+09,4.459639728153205514e+08
1.405405405405405439e+01,1.653900060272501707e+09,4.411725202114753723e+08
1.411411411411411443e+01,1.639622778127250433e+09,4.364325471428716183e+08
1.417417417417417447e+01,1.625454027682528734e+09,4.317435005115725994e+08
1.423423423423423451e+01,1.611393249900414467e+09,4.271048331621451378e+08
1.429429429429429455e+01,1.597439882907948256e+09,4.225160038178135753e+08
1.435435435435435458e+01,1.583593362170142651e+09,4.179764770172990561e+08
1.441441441441441462e+01,1.569853120658516884e+09,4.134857230523371100e+08
1.447447447447447466e+01,1.556218589015252113e+09,4.090432179058679938e+08
1.453453453453453470e+01,1.542689195713075638e+09,4.046484431908892989e+08
1.459459459459459474e+01,1.529264367210966110e+09,4.003008860899668336e+08
1.465465465465465478e+01,1.515943528105785847e+09,3.960000392953950167e+08
1.471471471471471482e+01,1.502726101279927492e+09,3.917454009500001073e+08
1.477477477477477485e+01,1.489611508045067549e+09,3.875364745885795951e+08
1.483483483483483489e+01,1.476599168282126188e+09,3.833727690799703002e+08
1.489489489489489493e+01,1.463688500577505827e+09,3.792537985697399974e+08
1.495495495495495497e+01,1.450878922355707169e+09,3.751790824234927893e+08
1.501501501501501501e+01,1.438169850008404970e+09,3.711481451707862020e+08
1.507507507507507505e+01,1.425560699020058870e+09,3.671605164496489763e+08
1.513513513513513509e+01,1.413050884090142250e+09,3.632157309516950250e+08
1.519519519519519513e+01,1.400639819252070665e+09,3.593133283678281903e+08
1.525525525525525516e+01,1.388326917988904238e+09,3.554528533345295787e+08
1.531531531531531520e+01,1.376111593345889807e+09,3.516338553807212710e+08
1.537537537537537524e+01,1.363993258039936543e+09,3.478558888752032518e+08
1.543543543543543528e+01,1.351971324566068172e+09,3.441185129746522307e+08
1.549549549549549532e+01,1.340045205300946236e+09,3.404212915721814632e+08
1.555555555555555536e+01,1.328214312603513956e+09,3.367637932464516163e+08
1.561561561561561540e+01,1.316478058912840843e+09,3.331455912113296390e+08
1.567567567567567544e+01,1.304835856843219995e+09,3.295662632660877109e+08
1.573573573573573547e+01,1.293287119276589155e+09,3.260253917461370826e+08
1.579579579579579551e+01,1.281831259452337503e+09,3.225225634742923975e+08
1.585585585585585555e+01,1.270467691054553986e+09,3.190573697125585079e+08
1.591591591591591559e+01,1.259195828296776533e+09,3.156294061144356132e+08
1.597597597597597563e+01,1.248015086004303694e+09,3.122382726777366996e+08
1.603603603603603744e+01,1.236924879694120884e+09,3.088835736979126334e+08
1.609609609609609748e+01,1.225924625652497768e+09,3.055649177218776345e+08
1.615615615615615752e+01,1.215013741010311604e+09,3.022819175023318529e+08
1.621621621621621756e+01,1.204191643816143990e+09,2.990341899525738358e+08
1.627627627627627760e+01,1.193457753107208967e+09,2.958213561017991900e+08
1.633633633633633764e+01,1.182811488978157997e+09,2.926430410508793592e+08
1.639639639639639768e+01,1.172252272647812366e+09,2.894988739286149740e+08
1.645645645645645772e+01,1.161779526523868322e+09,2.863884878484597206e+08
1.651651651651651775e+01,1.151392674265628338e+09,2.833115198657096028e+08
1.657657657657657779e+01,1.141091140844795465e+09,2.802676109351511598e+08
1.663663663663663783e+01,1.130874352604380608e+09,2.772564058691653013e+08
1.669669669669669787e+01,1.120741737315766811e+09,2.742775532962811589e+08
1.675675675675675791e+01,1.110692724233969450e+09,2.713307056201754808e+08
1.681681681681681795e+01,1.100726744151137590e+09,2.684155189791116416e+08
1.687687687687687799e+01,1.090843229448337793e+09,2.655316532058162987e+08
1.693693693693693803e+01,1.081041614145655870e+09,2.626787717877848446e+08
1.699699699699699806e+01,1.071321333950656414e+09,2.598565418280149102e+08
1.705705705705705810e+01,1.061681826305246234e+09,2.570646340061612129e+08
1.711711711711711814e+01,1.052122530430967212e+09,2.543027225401080251e+08
1.717717717717717818e+01,1.042642887372760534e+09,2.515704851479537487e+08
1.723723723723723822e+01,1.033242340041242957e+09,2.488676030104050636e+08
1.729729729729729826e+01,1.023920333253519773e+09,2.461937607335745692e+08
1.735735735735735830e+01,1.014676313772574306e+09,2.435486463121775687e+08
1.741741741741741833e+01,1.005509730345269322e+09,2.409319510931252241e+08
1.747747747747747837e+01,9.964200337389876842e+08,2.383433697395084500e+08
1.753753753753753841e+01,9.874066767769461870e+08,2.357826001949683130e+08
1.759759759759759845e+01,9.784691143722169399e+08,2.332493436484503746e+08
1.765765765765765849e+01,9.696068035604823828e+08,2.307433044993365109e+08
1.771771771771771853e+01,9.608192035315538645e+08,2.282641903229521215e+08
1.777777777777777857e+01,9.521057756596864462e+08,2.258117118364434540e+08
1.783783783783783861e+01,9.434659835327159166e+08,2.233855828650220931e+08
1.789789789789789864e+01,9.348992929800453186e+08,2.209855203085713387e+08
1.795795795795795868e+01,9.264051720995112658e+08,2.186112441086122990e+08
1.801801801801801872e+01,9.179830912831526995e+08,2.162624772156243026e+08
1.807807807807807876e+01,9.096325232419117689e+08,2.139389455567162633e+08
1.813813813813813880e+01,9.013529430292893648e+08,2.116403780036460161e+08
1.819819819819819884e+01,8.931438280639833212e+08,2.093665063411827385e+08
1.825825825825825888e+01,8.850046581515293121e+08,2.071170652358093262e+08
1.831831831831831892e+01,8.769349155049763918e+08,2.048917922047614753e+08
1.837837837837837895e+01,8.689340847646095753e+08,2.026904275853989422e+08
1.843843843843843899e+01,8.610016530167504549e+08,2.005127145049059391e+08
1.849849849849849903e+01,8.531371098116570711e+08,1.983583988503173292e+08
1.855855855855855907e+01,8.453399471805405617e+08,1.962272292388665378e+08
1.861861861861861911e+01,8.376096596517250538e+08,1.941189569886521697e+08
1.867867867867867915e+01,8.299457442659704685e+08,1.920333360896202028e+08
1.873873873873873919e+01,8.223477005909746885e+08,1.899701231748569608e+08
1.879879879879879923e+01,8.148150307350834608e+08,1.879290774921917319e+08
1.885885885885885926e+01,8.073472393602156639e+08,1.859099608761033714e+08
1.891891891891891930e+01,7.999438336940368414e+08,1.839125377199296355e+08
1.897897897897897934e+01,7.926043235413892269e+08,1.819365749483745694e+08
1.903903903903903938e+01,7.853282212949991226e+08,1.799818419903109968e+08
1.909909909909909942e+01,7.781150419454852343e+08,1.780481107518765628e+08
1.915915915915915946e+01,7.709643030906767845e+08,1.761351555898570716e+08
1.921921921921921950e+01,7.638755249442645311e+08,1.742427532853570879e+08
1.927927927927927954e+01,7.568482303437998295e+08,1.723706830177527368e+08
1.933933933933933957e+01,7.498819447580583096e+08,1.705187263389248550e+08
1.939939939939939961e+01,7.429761962937821150e+08,1.686866671477682292e+08
1.945945945945945965e+01,7.361305157018228769e+08,1.668742916649759412e+08
1.951951951951951969e+01,7.293444363826909065e+08,1.650813884080931842e+08
1.957957957957957973e+01,7.226174943915346861e+08,1.633077481668401659e+08
1.963963963963963977e+01,7.159492284425612688e+08,1.615531639786996543e+08
1.969969969969969981e+01,7.093391799129116535e+08,1.598174311047670543e+08
1.975975975975975985e+01,7.027868928460060358e+08,1.581003470058596134e+08
1.981981981981981988e+01,6.962919139543747902e+08,1.564017113188828230e+08
1.987987987987987992e+01,6.898537926219847202e+08,1.547213258334502876e+08
1.993993993993993996e+01,6.834720809060763121e+08,1.530589944687549174e+08
2.000000000000000000e+01,6.771463335385249853e+08,1.514145232506887615e+08
2.006006006006006004e+01,6.708761079267379045e+08,1.497877202892085314e+08
2.012012012012012008e+01,6.646609641540976763e+08,1.481783957559441328e+08
2.018018018018018012e+01,6.585004649799714088e+08,1.465863618620483279e+08
2.024024024024024015e+01,6.523941758392859697e+08,1.450114328362838328e+08
2.030030030030030019e+01,6.463416648416912556e+08,1.434534249033460319e+08
2.036036036036036023e+01,6.403425027703170776e+08,1.419121562624186873e+08
2.042042042042042027e+01,6.343962630801373720e+08,1.403874470659599006e+08
2.048048048048048031e+01,6.285025218959494829e+08,1.388791193987159431e+08
2.054054054054054035e+01,6.226608580099846125e+08,1.373869972569611073e+08
2.060060060060060039e+01,6.168708528791531324e+08,1.359109065279597044e+08
2.066066066066066043e+01,6.111320906219396591e+08,1.344506749696494341e+08
2.072072072072072046e+01,6.054441580149562359e+08,1.330061321905428320e+08
2.078078078078078050e+01,5.998066444891633987e+08,1.315771096298445910e+08
2.084084084084084054e+01,5.942191421257674694e+08,1.301634405377822667e+08
2.090090090090090058e+01,5.886812456518073082e+08,1.287649599561491311e+08
2.096096096096096062e+01,5.831925524354331493e+08,1.273815046990550756e+08
2.102102102102102066e+01,5.777526624808933735e+08,1.260129133338849843e+08
2.108108108108108070e+01,5.723611784232314825e+08,1.246590261624614000e+08
2.114114114114114074e+01,5.670177055227086544e+08,1.233196852024097890e+08
2.120120120120120077e+01,5.617218516589515209e+08,1.219947341687236130e+08
2.126126126126126081e+01,5.564732273248430490e+08,1.206840184555281252e+08
2.132132132132132085e+01,5.512714456201567650e+08,1.193873851180394441e+08
2.138138138138138089e+01,5.461161222449452877e+08,1.181046828547178805e+08
2.144144144144144093e+01,5.410068754926906824e+08,1.168357619896127433e+08
2.150150150150150097e+01,5.359433262432243824e+08,1.155804744548970908e+08
2.156156156156156101e+01,5.309250979554216862e+08,1.143386737735898197e+08
2.162162162162162105e+01,5.259518166596812606e+08,1.131102150424636900e+08
2.168168168168168108e+01,5.210231109501948953e+08,1.118949549151369333e+08
2.174174174174174112e+01,5.161386119770126939e+08,1.106927515853461921e+08
2.180180180180180116e+01,5.112979534379137158e+08,1.095034647703997940e+08
2.186186186186186120e+01,5.065007715700855255e+08,1.083269556948080063e+08
2.192192192192192124e+01,5.017467051416217089e+08,1.071630870740900189e+08
2.198198198198198128e+01,4.970353954428399205e+08,1.060117230987540781e+08
2.204204204204204132e+01,4.923664862774329782e+08,1.048727294184507430e+08
2.210210210210210136e+01,4.877396239534478784e+08,1.037459731262950748e+08
2.216216216216216139e+01,4.831544572741135359e+08,1.026313227433587462e+08
2.222222222222222143e+01,4.786106375285072327e+08,1.015286482033272535e+08
2.228228228228228147e+01,4.741078184820783734e+08,1.004378208373235017e+08
2.234234234234234151e+01,4.696456563670259118e+08,9.935871335889312625e+07
2.240240240240240155e+01,4.652238098725405931e+08,9.829119984915204346e+07
2.246246246246246159e+01,4.608419401349125504e+08,9.723515574209299684e+07
2.252252252252252163e+01,4.564997107275131345e+08,9.619045781005027890e+07
2.258258258258258167e+01,4.521967876506543159e+08,9.515698414932051301e+07
2.264264264264264170e+01,4.479328393213307261e+08,9.413461416593822837e+07
2.270270270270270174e+01,4.437075365628463030e+08,9.312322856160345674e+07
2.276276276276276178e+01,4.395205525943368673e+08,9.212270931976163387e+07
2.282282282282282182e+01,4.353715630201845169e+08,9.113293969183197618e+07
2.288288288288288186e+01,4.312602458193374276e+08,9.015380418358477950e+07
2.294294294294294190e+01,4.271862813345290422e+08,8.918518854166410863e+07
2.300300300300300194e+01,4.231493522614124417e+08,8.822697974025647342e+07
2.306306306306306197e+01,4.191491436376012564e+08,8.727906596790131927e+07
2.312312312312312201e+01,4.151853428316354156e+08,8.634133661444470286e+07
2.318318318318318205e+01,4.112576395318602324e+08,8.541368225813181698e+07
2.324324324324324209e+01,4.073657257352361083e+08,8.449599465283903480e+07
2.330330330330330213e+01,4.035092957360752821e+08,8.358816671544313431e+07
2.336336336336336217e+01,3.996880461147086024e+08,8.269009251332542300e+07
2.342342342342342221e+01,3.959016757260923982e+08,8.180166725201125443e+07
2.348348348348348225e+01,3.921498856883495450e+08,8.092278726294127107e+07
2.354354354354354228e+01,3.884323793712593317e+08,8.005334999137498438e+07
2.360360360360360232e+01,3.847488623846865296e+08,7.919325398442341387e+07
2.366366366366366236e+01,3.810990425669660568e+08,7.834239887921124697e+07
2.372372372372372240e+01,3.774826299732345343e+08,7.750068539116512239e+07
2.378378378378378244e+01,3.738993368637225032e+08,7.666801530242896080e+07
2.384384384384384248e+01,3.703488776919993162e+08,7.584429145040245354e+07
2.390390390390390252e+01,3.668309690931858420e+08,7.502941771640408039e+07
2.396396396396396256e+01,3.633453298721240759e+08,7.422329901445426047e+07
2.402402402402402259e+01,3.598916809915216565e+08,7.342584128018109500e+07
2.408408408408408263e+01,3.564697455600589514e+08,7.263695145984318852e+07
2.414414414414414267e+01,3.530792488204739094e+08,7.185653749947211146e+07
2.420420420420420271e+01,3.497199181376175284e+08,7.108450833413024247e+07
2.426426426426426275e+01,3.463914829864901900e+08,7.032077387728510797e+07
2.432432432432432279e+01,3.430936749402558804e+08,6.956524501029686630e+07
2.438438438438438283e+01,3.398262276582398415e+08,6.881783357201969624e+07
2.444444444444444287e+01,3.365888768739091754e+08,6.807845234851400554e+07
2.450450450450450290e+01,3.333813603828431964e+08,6.734701506287008524e+07
2.456456456456456294e+01,3.302034180306890607e+08,6.662343636514010280e+07
2.462462462462462298e+01,3.270547917011132836e+08,6.590763182237932086e+07
2.468468468468468302e+01,3.239352253037418723e+08,6.519951790879338235e+07
2.474474474474474306e+01,3.208444647620992064e+08,6.449901199599200487e+07
2.480480480480480310e+01,3.177822580015430450e+08,6.380603234334722906e+07
2.486486486486486314e+01,3.147483549372000098e+08,6.312049808845540136e+07
2.492492492492492318e+01,3.117425074618995786e+08,6.244232923770119995e+07
2.498498498498498321e+01,3.087644694341151118e+08,6.177144665692370385e+07
2.504504504504504325e+01,3.058139966659057140e+08,6.110777206218200922e+07
2.510510510510510329e+01,3.028908469108687043e+08,6.045122801062078774e+07
2.516516516516516333e+01,2.999947798520964384e+08,5.980173789143332094e+07
2.522522522522522337e+01,2.971255570901470184e+08,5.915922591692227870e+07
2.528528528528528341e+01,2.942829421310229897e+08,5.852361711365579814e+07
2.534534534534534345e+01,2.914667003741666079e+08,5.789483731371941417e+07
2.540540540540540349e+01,2.886765991004664898e+08,5.727281314606120437e+07
2.546546546546546352e+01,2.859124074602828622e+08,5.665747202793043107e+07
2.552552552552552356e+01,2.831738964614896774e+08,5.604874215640795976e+07
2.558558558558558360e+01,2.804608389575359225e+08,5.544655250002788007e+07
2.564564564564564719e+01,2.777730096355255246e+08,5.485083279048860073e+07
2.570570570570570723e+01,2.751101850043228865e+08,5.426151351445396990e+07
2.576576576576576727e+01,2.724721433826764226e+08,5.367852590544125438e+07
2.582582582582582731e+01,2.698586648873705268e+08,5.310180193579741567e+07
2.588588588588588735e+01,2.672695314214003682e+08,5.253127430876077712e+07
2.594594594594594739e+01,2.647045266621749699e+08,5.196687645060860366e+07
2.600600600600600742e+01,2.621634360497460067e+08,5.140854250288835913e+07
2.606606606606606746e+01,2.596460467750681341e+08,5.085620731473327428e+07
2.612612612612612750e+01,2.571521477682866752e+08,5.030980643525962532e+07
2.618618618618618754e+01,2.546815296870574057e+08,4.976927610604627430e+07
2.624624624624624758e+01,2.522339849048985839e+08,4.923455325369478017e+07
2.630630630630630762e+01,2.498093074995758235e+08,4.870557548246962577e+07
2.636636636636636766e+01,2.474072932415195107e+08,4.818228106701713800e+07
2.642642642642642770e+01,2.450277395822795033e+08,4.766460894516314566e+07
2.648648648648648773e+01,2.426704456430124044e+08,4.715249871078743786e+07
2.654654654654654777e+01,2.403352122030087113e+08,4.664589060677550733e+07
2.660660660660660781e+01,2.380218416882542670e+08,4.614472551804518700e+07
2.666666666666666785e+01,2.357301381600325108e+08,4.564894496464898437e+07
2.672672672672672789e+01,2.334599073035633564e+08,4.515849109494987875e+07
2.678678678678678793e+01,2.312109564166839421e+08,4.467330667887102067e+07
2.684684684684684797e+01,2.289830943985677361e+08,4.419333510121742636e+07
2.690690690690690801e+01,2.267761317384863198e+08,4.371852035506972671e+07
2.696696696696696804e+01,2.245898805046122670e+08,4.324880703524891287e+07
2.702702702702702808e+01,2.224241543328652084e+08,4.278414033185122907e+07
2.708708708708708812e+01,2.202787684157989919e+08,4.232446602385230362e+07
2.714714714714714816e+01,2.181535394915355146e+08,4.186973047278048843e+07
2.720720720720720820e+01,2.160482858327403665e+08,4.141988061645775288e+07
2.726726726726726824e+01,2.139628272356440723e+08,4.097486396280784905e+07
2.732732732732732828e+01,2.118969850091094375e+08,4.053462858373141289e+07
2.738738738738738832e+01,2.098505819637433290e+08,4.009912310904624313e+07
2.744744744744744835e+01,2.078234424010565579e+08,3.966829672049331665e+07
2.750750750750750839e+01,2.058153921026687026e+08,3.924209914580664784e+07
2.756756756756756843e+01,2.038262583195626438e+08,3.882048065284743160e+07
2.762762762762762847e+01,2.018558697613833845e+08,3.840339204380044341e+07
2.768768768768768851e+01,1.999040565857897103e+08,3.799078464943375438e+07
2.774774774774774855e+01,1.979706503878496289e+08,3.758261032341922075e+07
2.780780780780780859e+01,1.960554841894887686e+08,3.717882143671467155e+07
2.786786786786786863e+01,1.941583924289848506e+08,3.677937087200590223e+07
2.792792792792792866e+01,1.922792109505147338e+08,3.638421201820891351e+07
2.798798798798798870e+01,1.904177769937487245e+08,3.599329876503072679e+07
2.804804804804804874e+01,1.885739291834982038e+08,3.560658549758906662e+07
2.810810810810810878e+01,1.867475075194106400e+08,3.522402709108945727e+07
2.816816816816816882e+01,1.849383533657185137e+08,3.484557890555990487e+07
2.822822822822822886e+01,1.831463094410372078e+08,3.447119678064174950e+07
2.828828828828828890e+01,1.813712198082159758e+08,3.410083703043687344e+07
2.834834834834834894e+01,1.796129298642391860e+08,3.373445643840990216e+07
2.840840840840840897e+01,1.778712863301806152e+08,3.337201225234545767e+07
2.846846846846846901e+01,1.761461372412090003e+08,3.301346217935946211e+07
2.852852852852852905e+01,1.744373319366474152e+08,3.265876438096413389e+07
2.858858858858858909e+01,1.727447210500825644e+08,3.230787746818577126e+07
2.864864864864864913e+01,1.710681564995297194e+08,3.196076049673537165e+07
2.870870870870870917e+01,1.694074914776479602e+08,3.161737296223070100e+07
2.876876876876876921e+01,1.677625804420107305e+08,3.127767479547014832e+07
2.882882882882882924e+01,1.661332791054271758e+08,3.094162635775690153e+07
2.888888888888888928e+01,1.645194444263191819e+08,3.060918843627379835e+07
2.894894894894894932e+01,1.629209345991493464e+08,3.028032223950747028e+07
2.900900900900900936e+01,1.613376090449047983e+08,2.995498939272203296e+07
2.906906906906906940e+01,1.597693284016326964e+08,2.963315193348102644e+07
2.912912912912912944e+01,1.582159545150304139e+08,2.931477230721779540e+07
2.918918918918918948e+01,1.566773504290891290e+08,2.899981336285320669e+07
2.924924924924924952e+01,1.551533803767916858e+08,2.868823834846072644e+07
2.930930930930930955e+01,1.536439097708632350e+08,2.838001090697770938e+07
2.936936936936936959e+01,1.521488051945771873e+08,2.807509507196316496e+07
2.942942942942942963e+01,1.506679343926135302e+08,2.777345526340071112e+07
2.948948948948948967e+01,1.492011662619727254e+08,2.747505628354702145e+07
2.954954954954954971e+01,1.477483708429419696e+08,2.717986331282444671e+07
2.960960960960960975e+01,1.463094193101170659e+08,2.688784190575819463e+07
2.966966966966966979e+01,1.448841839634764493e+08,2.659895798695680872e+07
2.972972972972972983e+01,1.434725382195108533e+08,2.631317784713606164e+07
2.978978978978978986e+01,1.420743566024063230e+08,2.603046813918551430e+07
2.984984984984984990e+01,1.406895147352797091e+08,2.575079587427710369e+07
2.990990990990990994e+01,1.393178893314712346e+08,2.547412841801606119e+07
2.996996996996996998e+01,1.379593581858874559e+08,2.520043348663258180e+07
3.003003003003003002e+01,1.366138001664006114e+08,2.492967914321491122e+07
3.009009009009009006e+01,1.352810952052998841e+08,2.466183379398251325e+07
3.015015015015015010e+01,1.339611242907978445e+08,2.439686618459963426e+07
3.021021021021021014e+01,1.326537694585891962e+08,2.413474539652809501e+07
3.027027027027027017e+01,1.313589137834642082e+08,2.387544084341967851e+07
3.033033033033033021e+01,1.300764413709743768e+08,2.361892226754689217e+07
3.039039039039039025e+01,1.288062373491529524e+08,2.336515973627238721e+07
3.045045045045045029e+01,1.275481878602871001e+08,2.311412363855607063e+07
3.051051051051051033e+01,1.263021800527449250e+08,2.286578468149998412e+07
3.057057057057057037e+01,1.250681020728535205e+08,2.262011388692997023e+07
3.063063063063063041e+01,1.238458430568327010e+08,2.237708258801452443e+07
3.069069069069069045e+01,1.226352931227784902e+08,2.213666242591949180e+07
3.075075075075075048e+01,1.214363433627022356e+08,2.189882534649910778e+07
3.081081081081081052e+01,1.202488858346198946e+08,2.166354359702225029e+07
3.087087087087087056e+01,1.190728135546957850e+08,2.143078972293420881e+07
3.093093093093093060e+01,1.179080204894370884e+08,2.120053656465288252e+07
3.099099099099099064e+01,1.167544015479418635e+08,2.097275725439976156e+07
3.105105105105105068e+01,1.156118525741977990e+08,2.074742521306461096e+07
3.111111111111111072e+01,1.144802703394345194e+08,2.052451414710417017e+07
3.117117117117117076e+01,1.133595525345257074e+08,2.030399804547385126e+07
3.123123123123123079e+01,1.122495977624447942e+08,2.008585117659272626e+07
3.129129129129129083e+01,1.111503055307704210e+08,1.987004808534082398e+07
3.135135135135135087e+01,1.100615762442442626e+08,1.965656359008887783e+07
3.141141141141141091e+01,1.089833111973795742e+08,1.944537277975993603e+07
3.147147147147147095e+01,1.079154125671210438e+08,1.923645101092256606e+07
3.153153153153153099e+01,1.068577834055542797e+08,1.902977390491518006e+07
3.159159159159159103e+01,1.058103276326678246e+08,1.882531734500143677e+07
3.165165165165165106e+01,1.047729500291634053e+08,1.862305747355600074e+07
3.171171171171171110e+01,1.037455562293184847e+08,1.842297068928077072e+07
3.177177177177177114e+01,1.027280527138970494e+08,1.822503364445075020e+07
3.183183183183183118e+01,1.017203468031117320e+08,1.802922324218978733e+07
3.189189189189189122e+01,1.007223466496344209e+08,1.783551663377531618e+07
3.195195195195195126e+01,9.973396123165743053e+07,1.764389121597231179e+07
3.201201201201201485e+01,9.875510034600280225e+07,1.745432462839564681e+07
3.207207207207207489e+01,9.778567460128182173e+07,1.726679475090100244e+07
3.213213213213213493e+01,9.682559541110239923e+07,1.708127970100362226e+07
3.219219219219219497e+01,9.587477498732610047e+07,1.689775783132499456e+07
3.225225225225225500e+01,9.493312633337247372e+07,1.671620772706673108e+07
3.231231231231231504e+01,9.400056323757308722e+07,1.653660820351186395e+07
3.237237237237237508e+01,9.307700026657198370e+07,1.635893830355270579e+07
3.243243243243243512e+01,9.216235275877554715e+07,1.618317729524552822e+07
3.249249249249249516e+01,9.125653681784868240e+07,1.600930466939127259e+07
3.255255255255255520e+01,9.035946930625942349e+07,1.583730013714250363e+07
3.261261261261261524e+01,8.947106783886986971e+07,1.566714362763581425e+07
3.267267267267267528e+01,8.859125077657485008e+07,1.549881528564991429e+07
3.273273273273273531e+01,8.771993721998670697e+07,1.533229546928866580e+07
3.279279279279279535e+01,8.685704700316698849e+07,1.516756474768917635e+07
3.285285285285285539e+01,8.600250068740430474e+07,1.500460389875440486e+07
3.291291291291291543e+01,8.515621955503851175e+07,1.484339390691024065e+07
3.297297297297297547e+01,8.431812560333006084e+07,1.468391596088651568e+07
3.303303303303303551e+01,8.348814153837598860e+07,1.452615145152206719e+07
3.309309309309309555e+01,8.266619076907017827e+07,1.437008196959315427e+07
3.315315315315315559e+01,8.185219740110996366e+07,1.421568930366543867e+07
3.321321321321321562e+01,8.104608623104646802e+07,1.406295543796882406e+07
3.327327327327327566e+01,8.024778274038079381e+07,1.391186255029532872e+07
3.333333333333333570e+01,7.945721308970360458e+07,1.376239300991935097e+07
3.339339339339339574e+01,7.867430411288000643e+07,1.361452937554047257e+07
3.345345345345345578e+01,7.789898331127743423e+07,1.346825439324819297e+07
3.351351351351351582e+01,7.713117884803803265e+07,1.332355099450862780e+07
3.357357357357357586e+01,7.637081954239420593e+07,1.318040229417282715e+07
3.363363363363363590e+01,7.561783486402775347e+07,1.303879158850648440e+07
3.369369369369369593e+01,7.487215492747172713e+07,1.289870235324080847e+07
3.375375375375375597e+01,7.413371048655514419e+07,1.276011824164429680e+07
3.381381381381381601e+01,7.340243292889076471e+07,1.262302308261535130e+07
3.387387387387387605e+01,7.267825427040444314e+07,1.248740087879521586e+07
3.393393393393393609e+01,7.196110714990752935e+07,1.235323580470135808e+07
3.399399399399399613e+01,7.125092482371005416e+07,1.222051220488074236e+07
3.405405405405405617e+01,7.054764116027660668e+07,1.208921459208312258e+07
3.411411411411411621e+01,6.985119063492272794e+07,1.195932764545376040e+07
3.417417417417417624e+01,6.916150832455332577e+07,1.183083620874578133e+07
3.423423423423423628e+01,6.847852990244077146e+07,1.170372528855147772e+07
3.429429429429429632e+01,6.780219163304531574e+07,1.157798005255292170e+07
3.435435435435435636e+01,6.713243036687433720e+07,1.145358582779107615e+07
3.441441441441441640e+01,6.646918353538302332e+07,1.133052809895373695e+07
3.447447447447447644e+01,6.581238914591395855e+07,1.120879250668167137e+07
3.453453453453453648e+01,6.516198577667749673e+07,1.108836484589316882e+07
3.459459459459459651e+01,6.451791257177051157e+07,1.096923106412635557e+07
3.465465465465465655e+01,6.388010923623546958e+07,1.085137725989954919e+07
3.471471471471471659e+01,6.324851603115749359e+07,1.073478968108904175e+07
3.477477477477477663e+01,6.262307376880101860e+07,1.061945472332445532e+07
3.483483483483483667e+01,6.200372380778425187e+07,1.050535892840121500e+07
3.489489489489489671e+01,6.139040804829270393e+07,1.039248898271019943e+07
3.495495495495495675e+01,6.078306892732982337e+07,1.028083171568415500e+07
3.501501501501501679e+01,6.018164941400624812e+07,1.017037409826086089e+07
3.507507507507507682e+01,5.958609300486613065e+07,1.006110324136280268e+07
3.513513513513513686e+01,5.899634371925118566e+07,9.953006394393183291e+06
3.519519519519519690e+01,5.841234609470123798e+07,9.846070943748041987e+06
3.525525525525525694e+01,5.783404518239235133e+07,9.740284411344446242e+06
3.531531531531531698e+01,5.726138654261083156e+07,9.635634453164400533e+06
3.537537537537537702e+01,5.669431624026439339e+07,9.532108857814500108e+06
3.543543543543543706e+01,5.613278084042856097e+07,9.429695545100951567e+06
3.549549549549549710e+01,5.557672740392998606e+07,9.328382564620016143e+06
3.555555555555555713e+01,5.502610348296444118e+07,9.228158094363484532e+06
3.561561561561561717e+01,5.448085711675118655e+07,9.129010439339250326e+06
3.567567567567567721e+01,5.394093682722166181e+07,9.030928030206587166e+06
3.573573573573573725e+01,5.340629161474385858e+07,8.933899421926183626e+06
3.579579579579579729e+01,5.287687095388101041e+07,8.837913292424626648e+06
3.585585585585585733e+01,5.235262478918516636e+07,8.742958441273275763e+06
3.591591591591591737e+01,5.183350353102442622e+07,8.649023788381263614e+06
3.597597597597597741e+01,5.131945805144497007e+07,8.556098372702633962e+06
3.603603603603603744e+01,5.081043968006625026e+07,8.464171350957270712e+06
3.609609609609609748e+01,5.030640020001036674e+07,8.373231996365664527e+06
3.615615615615615752e+01,4.980729184386414289e+07,8.283269697397174314e+06
3.621621621621621756e+01,4.931306728967502713e+07,8.194273956531841308e+06
3.627627627627627760e+01,4.882367965697938204e+07,8.106234389035427012e+06
3.633633633633633764e+01,4.833908250286358595e+07,8.019140721747623757e+06
3.639639639639639768e+01,4.785922981805785745e+07,7.932982791883354075e+06
3.645645645645645772e+01,4.738407602306172997e+07,7.847750545846811496e+06
3.651651651651651775e+01,4.691357596430230141e+07,7.763434038058424369e+06
3.657657657657657779e+01,4.644768491032353044e+07,7.680023429794241674e+06
3.663663663663663783e+01,4.598635854800769687e+07,7.597508988037941977e+06
3.669669669669669787e+01,4.552955297882754356e+07,7.515881084345040843e+06
3.675675675675675791e+01,4.507722471513034403e+07,7.435130193719428033e+06
3.681681681681681795e+01,4.462933067645212263e+07,7.355246893501859158e+06
3.687687687687687799e+01,4.418582818586305529e+07,7.276221862270499580e+06
3.693693693693693803e+01,4.374667496634300053e+07,7.198045878753171302e+06
3.699699699699699806e+01,4.331182913718762249e+07,7.120709820751397870e+06
3.705705705705705810e+01,4.288124921044410765e+07,7.044204664075894281e+06
3.711711711711711814e+01,4.245489408737722784e+07,6.968521481493615545e+06
3.717717717717717818e+01,4.203272305496431887e+07,6.893651441685978323e+06
3.723723723723723822e+01,4.161469578242050111e+07,6.819585808218442835e+06
3.729729729729729826e+01,4.120077231775221229e+07,6.746315938520994037e+06
3.735735735735735830e+01,4.079091308434041589e+07,6.673833282879720442e+06
3.741741741741741833e+01,4.038507887755198032e+07,6.602129383439113386e+06
3.747747747747747837e+01,3.998323086138010770e+07,6.531195873215180822e+06
3.753753753753753841e+01,3.958533056511266530e+07,6.461024475119084120e+06
3.759759759759759845e+01,3.919133988002903759e+07,6.391607000991336070e+06
3.765765765765765849e+01,3.880122105612445623e+07,6.322935350646303035e+06
3.771771771771771853e+01,3.841493669886260480e+07,6.255001510927049443e+06
3.777777777777777857e+01,3.803244976595509052e+07,6.187797554770261049e+06
3.783783783783783861e+01,3.765372356416886300e+07,6.121315640281290747e+06
3.789789789789789864e+01,3.727872174616018683e+07,6.055548009819069877e+06
3.795795795795795868e+01,3.690740830733587593e+07,5.990486989090896212e+06
3.801801801801801872e+01,3.653974758274106681e+07,5.926124986256942153e+06
3.807807807807807876e+01,3.617570424397368729e+07,5.862454491044383496e+06
3.813813813813813880e+01,3.581524329612481594e+07,5.799468073871013708e+06
3.819819819819819884e+01,3.545833007474571466e+07,5.737158384978336282e+06
3.825825825825825888e+01,3.510493024284020811e+07,5.675518153573901393e+06
3.831831831831831892e+01,3.475500978788328916e+07,5.614540186982927844e+06
3.837837837837837895e+01,3.440853501886475831e+07,5.554217369808961637e+06
3.843843843843843899e+01,3.406547256335868686e+07,5.494542663103645667e+06
3.849849849849849903e+01,3.372578936461750418e+07,5.435509103545305319e+06
3.855855855855855907e+01,3.338945267869156972e+07,5.377109802626461722e+06
3.861861861861861911e+01,3.305643007157294452e+07,5.319337945849985816e+06
3.867867867867867915e+01,3.272668941636417806e+07,5.262186791933952831e+06
3.873873873873873919e+01,3.240019889047120139e+07,5.205649672025000677e+06
3.879879879879879923e+01,3.207692697282062471e+07,5.149719988920173608e+06
3.885885885885885926e+01,3.175684244110078365e+07,5.094391216297093779e+06
3.891891891891891930e+01,3.143991436902676150e+07,5.039656897952410392e+06
3.897897897897897934e+01,3.112611212362913787e+07,4.985510647048464045e+06
3.903903903903903938e+01,3.081540536256588623e+07,4.931946145367985591e+06
3.909909909909909942e+01,3.050776403145793825e+07,4.878957142576873302e+06
3.915915915915915946e+01,3.020315836124743521e+07,4.826537455494817346e+06
3.921921921921921950e+01,2.990155886557926610e+07,4.774680967373830266e+06
3.927927927927927954e+01,2.960293633820496872e+07,4.723381627184464596e+06
3.933933933933933957e+01,2.930726185040960833e+07,4.672633448909766041e+06
3.939939939939939961e+01,2.901450674846047163e+07,4.622430510846729390e+06
3.945945945945945965e+01,2.872464265107867494e+07,4.572766954915361479e+06
3.951951951951951969e+01,2.843764144693207368e+07,4.523636985975066200e+06
3.957957957957957973e+01,2.815347529215064645e+07,4.475034871148460545e+06
3.963963963963963977e+01,2.787211660786302015e+07,4.426954939152379520e+06
3.969969969969969981e+01,2.759353807775503770e+07,4.379391579636139795e+06
3.975975975975975985e+01,2.731771264564913884e+07,4.332339242526846007e+06
3.981981981981981988e+01,2.704461351310542226e+07,4.285792437381801195e+06
3.987987987987987992e+01,2.677421413704323769e+07,4.239745732747797854e+06
3.993993993993993996e+01,2.650648822738404945e+07,4.194193755527370609e+06
4.000000000000000000e+01,2.624140974471456930e+07,4.149131190351785161e+06
4.006006006006006004e+01,2.597895289797079191e+07,4.104552778960835189e+06
4.012012012012012008e+01,2.571909214214191958e+07,4.060453319589222316e+06
4.018018018018018012e+01,2.546180217599501833e+07,4.016827666359620169e+06
4.024024024024024015e+01,2.520705793981914595e+07,3.973670728682174347e+06
4.030030030030030019e+01,2.495483461318975314e+07,3.930977470660520252e+06
4.036036036036036023e+01,2.470510761275246739e+07,3.888742910504124593e+06
4.042042042042042027e+01,2.445785259002674744e+07,3.846962119947004132e+06
4.048048048048048031e+01,2.421304542922852188e+07,3.805630223672621883e+06
4.054054054054054035e+01,2.397066224511250108e+07,3.764742398745027371e+06
4.060060060060060039e+01,2.373067938083310798e+07,3.724293874046051875e+06
4.066066066066066043e+01,2.349307340582473949e+07,3.684279929718599189e+06
4.072072072072072046e+01,2.325782111370043457e+07,3.644695896615871694e+06
4.078078078078078050e+01,2.302489952016944811e+07,3.605537155756562948e+06
4.084084084084084054e+01,2.279428586097303778e+07,3.566799137785852421e+06
4.090090090090090058e+01,2.256595758983874694e+07,3.528477322442232165e+06
4.096096096096096062e+01,2.233989237645271048e+07,3.490567238030040637e+06
4.102102102102102066e+01,2.211606810445012897e+07,3.453064460897680372e+06
4.108108108108108070e+01,2.189446286942336708e+07,3.415964614921410102e+06
4.114114114114114074e+01,2.167505497694806382e+07,3.379263370994728524e+06
4.120120120120120077e+01,2.145782294062650204e+07,3.342956446523192339e+06
4.126126126126126081e+01,2.124274548014873266e+07,3.307039604924718384e+06
4.132132132132132085e+01,2.102980151937064528e+07,3.271508655135198496e+06
4.138138138138138089e+01,2.081897018440949917e+07,3.236359451119471341e+06
4.144144144144144093e+01,2.061023080175622180e+07,3.201587891387523618e+06
4.150150150150150097e+01,2.040356289640462399e+07,3.167189918515887577e+06
4.156156156156156101e+01,2.019894618999750167e+07,3.133161518674208317e+06
4.162162162162162105e+01,1.999636059898896143e+07,3.099498721156849060e+06
4.168168168168168108e+01,1.979578623282364011e+07,3.066197597919588909e+06
4.174174174174174112e+01,1.959720339213183150e+07,3.033254263121241704e+06
4.180180180180180116e+01,1.940059256694108620e+07,3.000664872670245357e+06
4.186186186186186120e+01,1.920593443490358070e+07,2.968425623776081484e+06
4.192192192192192124e+01,1.901320985953968018e+07,2.936532754505559336e+06
4.198198198198198128e+01,1.882239988849699125e+07,2.904982543343817350e+06
4.204204204204204132e+01,1.863348575182530284e+07,2.873771308760092594e+06
4.210210210210210136e+01,1.844644886026680097e+07,2.842895408778106794e+06
4.216216216216216139e+01,1.826127080356192216e+07,2.812351240551115945e+06
4.222222222222222143e+01,1.807793334877018258e+07,2.782135239941473119e+06
4.228228228228228147e+01,1.789641843860640377e+07,2.752243881104768254e+06
4.234234234234234151e+01,1.771670818979161233e+07,2.722673676078368444e+06
4.240240240240240155e+01,1.753878489141922444e+07,2.693421174374451395e+06
4.246246246246246159e+01,1.736263100333555043e+07,2.664482962577344850e+06
4.252252252252252163e+01,1.718822915453525260e+07,2.635855663945245557e+06
4.258258258258258167e+01,1.701556214157102630e+07,2.607535938016171101e+06
4.264264264264264170e+01,1.684461292697794735e+07,2.579520480218192097e+06
4.270270270270270174e+01,1.667536463771176897e+07,2.551806021483804565e+06
4.276276276276276178e+01,1.650780056360162050e+07,2.524389327868490014e+06
4.282282282282282182e+01,1.634190415581648983e+07,2.497267200173337478e+06
4.288288288288288186e+01,1.617765902534581535e+07,2.470436473571746610e+06
4.294294294294294190e+01,1.601504894149363041e+07,2.443894017240119167e+06
4.300300300300300194e+01,1.585405783038661629e+07,2.417636733992544934e+06
4.306306306306306197e+01,1.569466977349539101e+07,2.391661559919374529e+06
4.312312312312312201e+01,1.553686900616958737e+07,2.365965464029724710e+06
4.318318318318318205e+01,1.538063991618589498e+07,2.340545447897776030e+06
4.324324324324324209e+01,1.522596704230958410e+07,2.315398545312908944e+06
4.330330330330330213e+01,1.507283507286887616e+07,2.290521821933566593e+06
4.336336336336336217e+01,1.492122884434252046e+07,2.265912374944869895e+06
4.342342342342342221e+01,1.477113333996001631e+07,2.241567332719877828e+06
4.348348348348348225e+01,1.462253368831473216e+07,2.217483854484509677e+06
4.354354354354354228e+01,1.447541516198970005e+07,2.193659129986071959e+06
4.360360360360360232e+01,1.432976317619572952e+07,2.170090379165312741e+06
4.366366366366366236e+01,1.418556328742218949e+07,2.146774851832040120e+06
4.372372372372372240e+01,1.404280119209997915e+07,2.123709827344199177e+06
4.378378378378378244e+01,1.390146272527678870e+07,2.100892614290413912e+06
4.384384384384384248e+01,1.376153385930436105e+07,2.078320550175923621e+06
4.390390390390390252e+01,1.362300070253785141e+07,2.055991001111899735e+06
4.396396396396396256e+01,1.348584949804714508e+07,2.033901361508122180e+06
4.402402402402402259e+01,1.335006662233974040e+07,2.012049053768910235e+06
4.408408408408408263e+01,1.321563858409557678e+07,1.990431527992367046e+06
4.414414414414414267e+01,1.308255202291331999e+07,1.969046261672827182e+06
4.420420420420420271e+01,1.295079370806826279e+07,1.947890759406525875e+06
4.426426426426426275e+01,1.282035053728140891e+07,1.926962552600392373e+06
4.432432432432432279e+01,1.269120953550007194e+07,1.906259199184011435e+06
4.438438438438438283e+01,1.256335785368954018e+07,1.885778283324654680e+06
4.444444444444444287e+01,1.243678276763596572e+07,1.865517415145395091e+06
4.450450450450450290e+01,1.231147167676005512e+07,1.845474230446217349e+06
4.456456456456456294e+01,1.218741210294188000e+07,1.825646390428158222e+06
4.462462462462462298e+01,1.206459168935635127e+07,1.806031581420388771e+06
4.468468468468468302e+01,1.194299819931957498e+07,1.786627514610250946e+06
4.474474474474474306e+01,1.182261951514558867e+07,1.767431925776161021e+06
4.480480480480480310e+01,1.170344363701386563e+07,1.748442575023413403e+06
4.486486486486486314e+01,1.158545868184714206e+07,1.729657246522811474e+06
4.492492492492492318e+01,1.146865288219960406e+07,1.711073748252104968e+06
4.498498498498498321e+01,1.135301458515536413e+07,1.692689911740206880e+06
4.504504504504504325e+01,1.123853225123707391e+07,1.674503591814161511e+06
4.510510510510510329e+01,1.112519445332460292e+07,1.656512666348822182e+06
4.516516516516516333e+01,1.101298987558383122e+07,1.638715036019239342e+06
4.522522522522522337e+01,1.090190731240510382e+07,1.621108624055675464e+06
4.528528528528528341e+01,1.079193566735174134e+07,1.603691376001282129e+06
4.534534534534534345e+01,1.068306395211814344e+07,1.586461259472365957e+06
4.540540540540540349e+01,1.057528128549762815e+07,1.569416263921244070e+06
4.546546546546546352e+01,1.046857689235968515e+07,1.552554400401618099e+06
4.552552552552552356e+01,1.036294010263686441e+07,1.535873701336503960e+06
4.558558558558558360e+01,1.025836035032093525e+07,1.519372220288628945e+06
4.564564564564564364e+01,1.015482717246849835e+07,1.503048031733320793e+06
4.570570570570570368e+01,1.005233020821558870e+07,1.486899230833802838e+06
4.576576576576576372e+01,9.950859197801660746e+06,1.470923933218934573e+06
4.582582582582582376e+01,9.850403981602484360e+06,1.455120274763323367e+06
4.588588588588588379e+01,9.750954499172151089e+06,1.439486411369812209e+06
4.594594594594594383e+01,9.652500788293801248e+06,1.424020518754281569e+06
4.600600600600600387e+01,9.555032984039349481e+06,1.408720792232786305e+06
4.606606606606606391e+01,9.458541317837851122e+06,1.393585446510968031e+06
4.612612612612612395e+01,9.363016116552649066e+06,1.378612715475740377e+06
4.618618618618618399e+01,9.268447801566924900e+06,1.363800851989190560e+06
4.624624624624624403e+01,9.174826887877937406e+06,1.349148127684719162e+06
4.630630630630630407e+01,9.082143983199633658e+06,1.334652832765359432e+06
4.636636636636636410e+01,8.990389787073608488e+06,1.320313275804262143e+06
4.642642642642642414e+01,8.899555089988378808e+06,1.306127783547327621e+06
4.648648648648648418e+01,8.809630772506851703e+06,1.292094700717955828e+06
4.654654654654654422e+01,8.720607804402006790e+06,1.278212389823902864e+06
4.660660660660660426e+01,8.632477243800474331e+06,1.264479230966191972e+06
4.666666666666666430e+01,8.545230236334318295e+06,1.250893621650100918e+06
4.672672672672672434e+01,8.458858014300582930e+06,1.237453976598164532e+06
4.678678678678678438e+01,8.373351895828845911e+06,1.224158727565200767e+06
4.684684684684684441e+01,8.288703284056353383e+06,1.211006323155303020e+06
4.690690690690690445e+01,8.204903666311067529e+06,1.197995228640818503e+06
4.696696696696696449e+01,8.121944613302221522e+06,1.185123925783260260e+06
4.702702702702702453e+01,8.039817778318577446e+06,1.172390912656155648e+06
4.708708708708708457e+01,7.958514896434027702e+06,1.159794703469776548e+06
4.714714714714714461e+01,7.878027783720782027e+06,1.147333828397773672e+06
4.720720720720720465e+01,7.798348336469847709e+06,1.135006833405661630e+06
4.726726726726726469e+01,7.719468530418902636e+06,1.122812280081159202e+06
4.732732732732732472e+01,7.641380419987260364e+06,1.110748745466331020e+06
4.738738738738738476e+01,7.564076137518162839e+06,1.098814821891553467e+06
4.744744744744744480e+01,7.487547892528096214e+06,1.087009116811253596e+06
4.750750750750750484e+01,7.411787970963232219e+06,1.075330252641422208e+06
4.756756756756756488e+01,7.336788734462724067e+06,1.063776866598855937e+06
4.762762762762762492e+01,7.262542619629060850e+06,1.052347610542143462e+06
4.768768768768768496e+01,7.189042137305189855e+06,1.041041150814350462e+06
4.774774774774774500e+01,7.116279871858516708e+06,1.029856168087405385e+06
4.780780780780780503e+01,7.044248480471533723e+06,1.018791357208140078e+06
4.786786786786786507e+01,6.972940692439177074e+06,1.007845427045993973e+06
4.792792792792792511e+01,6.902349308472852223e+06,9.970171003423628863e+05
4.798798798798798515e+01,6.832467200010946020e+06,9.863051135615572566e+05
4.804804804804804519e+01,6.763287308535809629e+06,9.757082167433535215e+05
4.810810810810810523e+01,6.694802644897243939e+06,9.652251733571474906e+05
4.816816816816816527e+01,6.627006288642323576e+06,9.548547601576608140e+05
4.822822822822822530e+01,6.559891387351573445e+06,9.445957670422105584e+05
4.828828828828828534e+01,6.493451155981340446e+06,9.344469969094948610e+05
4.834834834834834538e+01,6.427678876212434843e+06,9.244072655199121218e+05
4.840840840840840542e+01,6.362567895804885775e+06,9.144754013573701959e+05
4.846846846846846546e+01,6.298111627958837897e+06,9.046502454925926868e+05
4.852852852852852550e+01,6.234303550681384280e+06,8.949306514478749596e+05
4.858858858858858554e+01,6.171137206159483641e+06,8.853154850633108290e+05
4.864864864864864558e+01,6.108606200138743035e+06,8.758036243644462666e+05
4.870870870870870561e+01,6.046704201308141463e+06,8.663939594313650159e+05
4.876876876876876565e+01,5.985424940690455958e+06,8.570853922691650223e+05
4.882882882882882569e+01,5.924762211038568988e+06,8.478768366798413917e+05
4.888888888888888573e+01,5.864709866237430833e+06,8.387672181355369976e+05
4.894894894894894577e+01,5.805261820711729117e+06,8.297554736531645758e+05
4.900900900900900581e+01,5.746412048839079216e+06,8.208405516703602625e+05
4.906906906906906585e+01,5.688154584368864074e+06,8.120214119227830088e+05
4.912912912912912589e+01,5.630483519846570678e+06,8.032970253227323992e+05
4.918918918918918592e+01,5.573393006043509580e+06,7.946663738390589133e+05
4.924924924924924596e+01,5.516877251392024569e+06,7.861284503783761756e+05
4.930930930930930600e+01,5.460930521426026709e+06,7.776822586675451603e+05
4.936936936936936604e+01,5.405547138226827607e+06,7.693268131374199875e+05
4.942942942942942608e+01,5.350721479874250479e+06,7.610611388078446034e+05
4.948948948948948612e+01,5.296447979902943596e+06,7.528842711738842772e+05
4.954954954954954616e+01,5.242721126763847657e+06,7.447952560932770139e+05
4.960960960960960620e+01,5.189535463290829211e+06,7.367931496751038358e+05
4.966966966966966623e+01,5.136885586172283627e+06,7.288770181696383515e+05
4.972972972972972627e+01,5.084766145427863114e+06,7.210459378593957517e+05
4.978978978978978631e+01,5.033171843890119344e+06,7.132989949513426982e+05
4.984984984984984635e+01,4.982097436691130511e+06,7.056352854702745099e+05
4.990990990990990639e+01,4.931537730753920972e+06,6.980539151533240220e+05
4.996996996996996643e+01,4.881487584288819693e+06,6.905539993456167867e+05
5.003003003003002647e+01,4.831941906294550747e+06,6.831346628970402526e+05
5.009009009009008651e+01,4.782895656064137816e+06,6.757950400601295987e+05
5.015015015015014654e+01,4.734343842695412226e+06,6.685342743890369311e+05
5.021021021021020658e+01,4.686281524606286548e+06,6.613515186396000208e+05
5.027027027027026662e+01,4.638703809054600075e+06,6.542459346704768250e+05
5.033033033033032666e+01,4.591605851662567817e+06,6.472166933453486999e+05
5.039039039039038670e+01,4.544982855945714749e+06,6.402629744361628545e+05
5.045045045045044674e+01,4.498830072846364230e+06,6.333839665274274303e+05
5.051051051051050678e+01,4.453142800271531567e+06,6.265788669215255650e+05
5.057057057057056682e+01,4.407916382635289803e+06,6.198468815450551920e+05
5.063063063063062685e+01,4.363146210405409336e+06,6.131872248561636079e+05
5.069069069069068689e+01,4.318827719654418528e+06,6.065991197528884513e+05
5.075075075075074693e+01,4.274956391614907421e+06,6.000817974824778503e+05
5.081081081081080697e+01,4.231527752239087597e+06,5.936344975516871782e+05
5.087087087087086701e+01,4.188537371762573719e+06,5.872564676380374003e+05
5.093093093093092705e+01,4.145980864272319712e+06,5.809469635020288406e+05
5.099099099099098709e+01,4.103853887278693262e+06,5.747052489002962830e+05
5.105105105105104712e+01,4.062152141291673295e+06,5.685305954997019144e+05
5.111111111111110716e+01,4.020871369401034433e+06,5.624222827923418954e+05
5.117117117117116720e+01,3.980007356860617641e+06,5.563795980114756385e+05
5.123123123123122724e+01,3.939555930676549673e+06,5.504018360483525321e+05
5.129129129129129439e+01,3.899512959199420176e+06,5.444882993699369254e+05
5.135135135135135442e+01,3.859874351720355917e+06,5.386382979375127470e+05
5.141141141141141446e+01,3.820636058070948347e+06,5.328511491261624033e+05
5.147147147147147450e+01,3.781794068227058277e+06,5.271261776451149490e+05
5.153153153153153454e+01,3.743344411916380748e+06,5.214627154589466518e+05
5.159159159159159458e+01,3.705283158229817636e+06,5.158601017096326104e+05
5.165165165165165462e+01,3.667606415236507077e+06,5.103176826394269010e+05
5.171171171171171466e+01,3.630310329602614511e+06,5.048348115145798074e+05
5.177177177177177470e+01,3.593391086213769857e+06,4.994108485498746159e+05
5.183183183183183473e+01,3.556844907801084220e+06,4.940451608339665690e+05
5.189189189189189477e+01,3.520668054570814595e+06,4.887371222555337008e+05
5.195195195195195481e+01,3.484856823837548029e+06,4.834861134302152786e+05
5.201201201201201485e+01,3.449407549660949502e+06,4.782915216283402406e+05
5.207207207207207489e+01,3.414316602485940792e+06,4.731527407034243806e+05
5.213213213213213493e+01,3.379580388786392286e+06,4.680691710214432678e+05
5.219219219219219497e+01,3.345195350712221581e+06,4.630402193908617483e+05
5.225225225225225500e+01,3.311157965739879757e+06,4.580652989934151410e+05
5.231231231231231504e+01,3.277464746326209046e+06,4.531438293156349100e+05
5.237237237237237508e+01,3.244112239565628581e+06,4.482752360811095568e+05
5.243243243243243512e+01,3.211097026850613300e+06,4.434589511834731675e+05
5.249249249249249516e+01,3.178415723535466939e+06,4.386944126201163745e+05
5.255255255255255520e+01,3.146064978603287600e+06,4.339810644266035524e+05
5.261261261261261524e+01,3.114041474336179905e+06,4.293183566118012532e+05
5.267267267267267528e+01,3.082341925988628529e+06,4.247057450936995447e+05
5.273273273273273531e+01,3.050963081464037765e+06,4.201426916359266033e+05
5.279279279279279535e+01,3.019901720994345844e+06,4.156286637849390390e+05
5.285285285285285539e+01,2.989154656822774559e+06,4.111631348078940064e+05
5.291291291291291543e+01,2.958718732889610343e+06,4.067455836311838357e+05
5.297297297297297547e+01,2.928590824521046598e+06,4.023754947796363267e+05
5.303303303303303551e+01,2.898767838120976463e+06,3.980523583163604490e+05
5.309309309309309555e+01,2.869246710865809582e+06,3.937756697832457721e+05
5.315315315315315559e+01,2.840024410402209032e+06,3.895449301420968841e+05
5.321321321321321562e+01,2.811097934547770303e+06,3.853596457164043677e+05
5.327327327327327566e+01,2.782464310994546860e+06,3.812193281337343506e+05
5.333333333333333570e+01,2.754120597015487496e+06,3.771234942687444272e+05
5.339339339339339574e+01,2.726063879173677880e+06,3.730716661868073279e+05
5.345345345345345578e+01,2.698291273034424521e+06,3.690633710882438463e+05
5.351351351351351582e+01,2.670799922880071215e+06,3.650981412531494279e+05
5.357357357357357586e+01,2.643587001427622978e+06,3.611755139868191909e+05
5.363363363363363590e+01,2.616649709549074993e+06,3.572950315657563624e+05
5.369369369369369593e+01,2.589985275994456839e+06,3.534562411842616275e+05
5.375375375375375597e+01,2.563590957117545418e+06,3.496586949015961145e+05
5.381381381381381601e+01,2.537464036604242399e+06,3.459019495897117886e+05
5.387387387387387605e+01,2.511601825203575194e+06,3.421855668815433746e+05
5.393393393393393609e+01,2.486001660461317748e+06,3.385091131198586663e+05
5.399399399399399613e+01,2.460660906456156168e+06,3.348721593066522619e+05
5.405405405405405617e+01,2.435576953538444359e+06,3.312742810530886636e+05
5.411411411411411621e+01,2.410747218071474228e+06,3.277150585299808881e+05
5.417417417417417624e+01,2.386169142175269313e+06,3.241940764188027242e+05
5.423423423423423628e+01,2.361840193472827785e+06,3.207109238632234628e+05
5.429429429429429632e+01,2.337757864838856272e+06,3.172651944211670198e+05
5.435435435435435636e+01,2.313919674150945619e+06,3.138564860173870693e+05
5.441441441441441640e+01,2.290323164043120574e+06,3.104844008965461981e+05
5.447447447447447644e+01,2.266965901661819778e+06,3.071485455768047832e+05
5.453453453453453648e+01,2.243845478424220812e+06,3.038485308039055089e+05
5.459459459459459651e+01,2.220959509778936859e+06,3.005839715057539870e+05
5.465465465465465655e+01,2.198305634968992323e+06,2.973544867474825005e+05
5.471471471471471659e+01,2.175881516797141172e+06,2.941596996870011790e+05
5.477477477477477663e+01,2.153684841393444687e+06,2.909992375310247298e+05
5.483483483483483667e+01,2.131713317985119298e+06,2.878727314915731549e+05
5.489489489489489671e+01,2.109964678668598179e+06,2.847798167429361492e+05
5.495495495495495675e+01,2.088436678183829878e+06,2.817201323791041505e+05
5.501501501501501679e+01,2.067127093690759037e+06,2.786933213716539904e+05
5.507507507507507682e+01,2.046033724547995953e+06,2.756990305280898465e+05
5.513513513513513686e+01,2.025154392093609087e+06,2.727369104506275035e+05
5.519519519519519690e+01,2.004486939428068232e+06,2.698066154954239028e+05
5.525525525525525694e+01,1.984029231199308066e+06,2.669078037322465680e+05
5.531531531531531698e+01,1.963779153389874147e+06,2.640401369045743486e+05
5.537537537537537702e+01,1.943734613106121076e+06,2.612032803901246807e+05
5.543543543543543706e+01,1.923893538369491696e+06,2.583969031618089939e+05
5.549549549549549710e+01,1.904253877909813775e+06,2.556206777491050307e+05
5.555555555555555713e+01,1.884813600960619748e+06,2.528742801998465438e+05
5.561561561561561717e+01,1.865570697056437144e+06,2.501573900424196036e+05
5.567567567567567721e+01,1.846523175832079723e+06,2.474696902483688318e+05
5.573573573573573725e+01,1.827669066823875997e+06,2.448108671954033198e+05
5.579579579579579729e+01,1.809006419272858184e+06,2.421806106308025192e+05
5.585585585585585733e+01,1.790533301929829642e+06,2.395786136352105823e+05
5.591591591591591737e+01,1.772247802862372948e+06,2.370045725868244772e+05
5.597597597597597741e+01,1.754148029263715725e+06,2.344581871259640320e+05
5.603603603603603744e+01,1.736232107263480080e+06,2.319391601200254518e+05
5.609609609609609748e+01,1.718498181740248809e+06,2.294471976288066362e+05
5.615615615615615752e+01,1.700944416135987965e+06,2.269820088702098583e+05
5.621621621621621756e+01,1.683568992272268049e+06,2.245433061863101902e+05
5.627627627627627760e+01,1.666370110168287763e+06,2.221308050097904925e+05
5.633633633633633764e+01,1.649345987860654481e+06,2.197442238307339430e+05
5.639639639639639768e+01,1.632494861224947264e+06,2.173832841637764359e+05
5.645645645645645772e+01,1.615814983799007023e+06,2.150477105156100297e+05
5.651651651651651775e+01,1.599304626607969170e+06,2.127372303528377379e+05
5.657657657657657779e+01,1.582962077990978956e+06,2.104515740701698815e+05
5.663663663663663783e+01,1.566785643429630436e+06,2.081904749589661078e+05
5.669669669669669787e+01,1.550773645378050860e+06,2.059536691761117545e+05
5.675675675675675791e+01,1.534924423094688216e+06,2.037408957132339128e+05
5.681681681681681795e+01,1.519236332475695061e+06,2.015518963662415044e+05
5.687687687687687799e+01,1.503707745889970800e+06,1.993864157051971706e+05
5.693693693693693803e+01,1.488337052015822846e+06,1.972442010445129417e+05
5.699699699699699806e+01,1.473122655679196119e+06,1.951250024134624982e+05
5.705705705705705810e+01,1.458062977693514433e+06,1.930285725270142430e+05
5.711711711711711814e+01,1.443156454701072071e+06,1.909546667569752899e+05
5.717717717717717818e+01,1.428401539015995571e+06,1.889030431034477078e+05
5.723723723723723822e+01,1.413796698468712391e+06,1.868734621665878512e+05
5.729729729729729826e+01,1.399340416251974413e+06,1.848656871186729113e+05
5.735735735735735830e+01,1.385031190768369474e+06,1.828794836764650245e+05
5.741741741741741833e+01,1.370867535479341634e+06,1.809146200738746847e+05
5.747747747747747837e+01,1.356847978755668039e+06,1.789708670349143795e+05
5.753753753753753841e+01,1.342971063729425427e+06,1.770479977469462610e+05
5.759759759759759845e+01,1.329235348147388780e+06,1.751457878342150943e+05
5.765765765765765849e+01,1.315639404225886799e+06,1.732640153316675569e+05
5.771771771771771853e+01,1.302181818507051328e+06,1.714024606590498006e+05
5.777777777777777857e+01,1.288861191716503818e+06,1.695609065952861274e+05
5.783783783783783861e+01,1.275676138622423634e+06,1.677391382531315903e+05
5.789789789789789864e+01,1.262625287896006834e+06,1.659369430540981120e+05
5.795795795795795868e+01,1.249707281973277451e+06,1.641541107036474568e+05
5.801801801801801872e+01,1.236920776918275515e+06,1.623904331666538201e+05
5.807807807807807876e+01,1.224264442287573824e+06,1.606457046431277995e+05
5.813813813813813880e+01,1.211736960996130016e+06,1.589197215442025044e+05
5.819819819819819884e+01,1.199337029184454354e+06,1.572122824683769431e+05
5.825825825825825888e+01,1.187063356087079970e+06,1.555231881780149415e+05
5.831831831831831892e+01,1.174914663902327418e+06,1.538522415760962176e+05
5.837837837837837895e+01,1.162889687663352350e+06,1.521992476832185930e+05
5.843843843843843899e+01,1.150987175110444892e+06,1.505640136148446472e+05
5.849849849849849903e+01,1.139205886564600980e+06,1.489463485587955220e+05
5.855855855855855907e+01,1.127544594802325126e+06,1.473460637529847736e+05
5.861861861861861911e+01,1.116002084931674879e+06,1.457629724633933220e+05
5.867867867867867915e+01,1.104577154269505525e+06,1.441968899622780737e+05
5.873873873873873919e+01,1.093268612219939707e+06,1.426476335066176543e+05
5.879879879879879923e+01,1.082075280154020991e+06,1.411150223167878576e+05
5.885885885885885926e+01,1.070995991290562553e+06,1.395988775554678286e+05
5.891891891891891930e+01,1.060029590578148142e+06,1.380990223067704937e+05
5.897897897897897934e+01,1.049174934578315821e+06,1.366152815555994748e+05
5.903903903903903938e+01,1.038430891349874437e+06,1.351474821672265243e+05
5.909909909909909942e+01,1.027796340334375273e+06,1.336954528670897416e+05
5.915915915915915946e+01,1.017270172242689179e+06,1.322590242208064301e+05
5.921921921921921950e+01,1.006851288942719344e+06,1.308380286144030251e+05
5.927927927927927954e+01,9.965386033482102212e+05,1.294323002347562579e+05
5.933933933933933957e+01,9.863310393086585682e+05,1.280416750502454670e+05
5.939939939939939961e+01,9.762275315002958523e+05,1.266659907916109078e+05
5.945945945945945965e+01,9.662270253181563457e+05,1.253050869330194109e+05
5.951951951951951969e+01,9.563284767692125170e+05,1.239588046733338997e+05
5.957957957957957973e+01,9.465308523665374378e+05,1.226269869175810018e+05
5.963963963963963977e+01,9.368331290245477576e+05,1.213094782586220826e+05
5.969969969969969981e+01,9.272342939552479656e+05,1.200061249590179068e+05
5.975975975975975985e+01,9.177333445655190153e+05,1.187167749330902443e+05
5.981981981981981988e+01,9.083292883554000873e+05,1.174412777291742241e+05
5.987987987987987992e+01,8.990211428173901513e+05,1.161794845120630489e+05
5.993993993993993996e+01,8.898079353367334697e+05,1.149312480456404301e+05
6.000000000000000000e+01,8.806887030926969601e+05,1.136964226757007855e+05
