1.003932000000000002e+01,0.000000000000000000e+00,1.512171205593991089e+10,3.449872411579751492e+09
1.029670999999999914e+01,2.573899999999991195e-01,1.203125576962112999e+10,2.761568858314770222e+09
1.054716999999999949e+01,5.078499999999994685e-01,1.334161216907356453e+10,3.082066062027906895e+09
1.079660999999999937e+01,7.572899999999993526e-01,1.220725010485171127e+10,2.838658188598077297e+09
1.103618999999999950e+01,9.968699999999994787e-01,1.211462779798751640e+10,2.836531035399827957e+09
1.129349000000000025e+01,1.254170000000000229e+00,1.201451627703146935e+10,2.832050041441254616e+09
1.154091000000000022e+01,1.501590000000000202e+00,9.609503171976682663e+09,2.280116081660423756e+09
1.179325000000000045e+01,1.753930000000000433e+00,1.167895009602384377e+10,2.791995311790621281e+09
1.204259000000000057e+01,2.003270000000000550e+00,9.454279592639734268e+09,2.275735370621583939e+09
1.230375000000000085e+01,2.264430000000000831e+00,9.510501188003826141e+09,2.306136871385601521e+09
1.255010000000000048e+01,2.510780000000000456e+00,7.472338557069807053e+09,1.824612798809911966e+09
1.278553999999999924e+01,2.746219999999999217e+00,9.421478760045957565e+09,2.318220829389376163e+09
1.304668000000000028e+01,3.007360000000000255e+00,6.737274383607606888e+09,1.670025884629866123e+09
1.328800000000000026e+01,3.248680000000000234e+00,7.339625717040061951e+09,1.833402510148948193e+09
1.354015000000000057e+01,3.500830000000000553e+00,6.830878301481748581e+09,1.719831136981038094e+09
1.378734000000000037e+01,3.748020000000000351e+00,7.364794158690486908e+09,1.869175688712534904e+09
1.404533999999999949e+01,4.006019999999999470e+00,5.961816978988379478e+09,1.525085119431916714e+09
1.428848999999999947e+01,4.249169999999999447e+00,6.942643281670434952e+09,1.791046727832442760e+09
1.453758000000000017e+01,4.498260000000000147e+00,5.119937349109997749e+09,1.331733401291183472e+09
1.478068999999999988e+01,4.741369999999999862e+00,5.471369578113474846e+09,1.434993693725536346e+09
1.502574000000000076e+01,4.986420000000000741e+00,4.408311268391746521e+09,1.166216239388082027e+09
1.528161000000000058e+01,5.242290000000000560e+00,5.161354903735827446e+09,1.377201840909702778e+09
1.552462000000000053e+01,5.485300000000000509e+00,4.849052701741158485e+09,1.305920265766815186e+09
1.577543999999999969e+01,5.736119999999999663e+00,4.519900816259967804e+09,1.228335962547058821e+09
1.602626000000000062e+01,5.986940000000000595e+00,4.142224093557288170e+09,1.136328189855683327e+09
1.627504000000000062e+01,6.235720000000000596e+00,4.265734919554147720e+09,1.180983578697585821e+09
1.651689999999999969e+01,6.477579999999999671e+00,2.958784602825219631e+09,8.274729628450717926e+08
1.677149000000000001e+01,6.732169999999999987e+00,3.981453420122581959e+09,1.123875091494409800e+09
1.700734999999999886e+01,6.968029999999998836e+00,3.427457888800062656e+09,9.771323202249038219e+08
1.725891000000000020e+01,7.219590000000000174e+00,3.576244684235062122e+09,1.030545746056671023e+09
1.749758999999999887e+01,7.458269999999998845e+00,3.177634988126441002e+09,9.253100011138234138e+08
1.776183999999999941e+01,7.722519999999999385e+00,3.133578399942518711e+09,9.224026410771566629e+08
1.799744000000000099e+01,7.958120000000000971e+00,2.833519751718712330e+09,8.431642000291565657e+08
1.824084999999999823e+01,8.201529999999998211e+00,3.146975061847980976e+09,9.472916670515755415e+08
1.849308999999999870e+01,8.453769999999998674e+00,2.174519424849113464e+09,6.617890615588995218e+08
1.873840999999999823e+01,8.699089999999998213e+00,2.590889407330730915e+09,7.977758813081512451e+08
1.898060999999999865e+01,8.941289999999998628e+00,2.291644229895174026e+09,7.141640014417012930e+08
1.921302999999999983e+01,9.173709999999999809e+00,2.184280446363939285e+09,6.893761420729507208e+08
1.948275999999999897e+01,9.443439999999998946e+00,2.052656135572007418e+09,6.559386883817714453e+08
1.970602999999999838e+01,9.666709999999998359e+00,2.055874579563509703e+09,6.657069255523692369e+08
1.995985999999999905e+01,9.920539999999999026e+00,1.784014077023558140e+09,5.852609736735410690e+08
2.020174000000000092e+01,1.016242000000000090e+01,1.952280870785220385e+09,6.494529583631780148e+08
2.045529000000000153e+01,1.041597000000000151e+01,1.394170681000853539e+09,4.700400899886773229e+08
2.069605999999999923e+01,1.065673999999999921e+01,1.659821682454945564e+09,5.678781219209648371e+08
2.094162000000000035e+01,1.090230000000000032e+01,1.394133169084460735e+09,4.838713671727656126e+08
2.116735999999999862e+01,1.112803999999999860e+01,1.411070391976919174e+09,4.978634317150577903e+08
2.141767000000000110e+01,1.137835000000000107e+01,1.250160723644995213e+09,4.479936886226171851e+08
2.165605000000000047e+01,1.161673000000000044e+01,1.243732844664418459e+09,4.530101558349789977e+08
2.189917000000000158e+01,1.185985000000000156e+01,1.124901417066247940e+09,4.169118510019820929e+08
2.214121000000000095e+01,1.210189000000000092e+01,1.128636657005071878e+09,4.257179195043506622e+08
2.239199999999999946e+01,1.235267999999999944e+01,8.349410384975595474e+08,3.203343565236333609e+08
2.262596999999999881e+01,1.258664999999999878e+01,1.042229263620563984e+09,4.075420540027009845e+08
2.287650000000000006e+01,1.283718000000000004e+01,7.679457372832331657e+08,3.062389206949312091e+08
2.310141000000000133e+01,1.306209000000000131e+01,8.079393388690581322e+08,3.287538559053995609e+08
2.334180999999999884e+01,1.330248999999999882e+01,7.199394799531815052e+08,2.993495824833427668e+08
2.358032000000000039e+01,1.354100000000000037e+01,7.016119404111943245e+08,2.982907005885336995e+08
2.382526999999999973e+01,1.378594999999999970e+01,6.587351296464691162e+08,2.867115814137176871e+08
2.405948000000000064e+01,1.402016000000000062e+01,6.043704517596420050e+08,2.693955422605435252e+08
2.429757999999999996e+01,1.425825999999999993e+01,5.140637902989538312e+08,2.349502004502804577e+08
2.453349000000000046e+01,1.449417000000000044e+01,4.983933531411135793e+08,2.340744925261643231e+08
2.478125999999999962e+01,1.474193999999999960e+01,3.530279858400338888e+08,1.704492192963719368e+08
2.500100000000000122e+01,1.496168000000000120e+01,4.455078658889342546e+08,2.220293843578793108e+08
2.523588000000000164e+01,1.519656000000000162e+01,4.123852393249574304e+08,2.123201406167410910e+08
2.548488000000000042e+01,1.544556000000000040e+01,3.371630926642293930e+08,1.797404236473851502e+08
2.572505999999999915e+01,1.568573999999999913e+01,3.183345163319137096e+08,1.758010908190949559e+08
2.597230000000000061e+01,1.593298000000000059e+01,2.851298201448442936e+08,1.640141806640521288e+08
2.621467000000000169e+01,1.617535000000000167e+01,2.454944257241268158e+08,1.473337823321084380e+08
2.645606000000000080e+01,1.641674000000000078e+01,2.238265641311173439e+08,1.409783787483941317e+08
2.669659000000000049e+01,1.665727000000000046e+01,1.804829673367694616e+08,1.196887707655681372e+08
2.693822000000000116e+01,1.689890000000000114e+01,2.381322983289800584e+08,1.674613234384663999e+08
2.717576999999999998e+01,1.713644999999999996e+01,1.807068753577393889e+08,1.358893835503056943e+08
2.742332999999999998e+01,1.738400999999999996e+01,1.001564699089044333e+08,8.148718580833096802e+07
2.767582000000000164e+01,1.763650000000000162e+01,1.498277878883765638e+08,1.329608708919408917e+08
2.791939999999999955e+01,1.788007999999999953e+01,1.172703951935827583e+08,1.166802602992504388e+08
2.816205000000000069e+01,1.812273000000000067e+01,8.004186495709018409e+07,9.149680111716008186e+07
2.840474000000000032e+01,1.836542000000000030e+01,6.168212984746413678e+07,8.566541928774495423e+07
2.864746999999999844e+01,1.860814999999999841e+01,5.231255397931408882e+07,1.030320004545806050e+08
