9.958619999999999806e+00,-1.670970000000000510e+00,-1.389135804006366272e+11,-3.249333356872561646e+10
1.019386000000000081e+01,-1.435729999999999507e+00,-3.017239200726665039e+11,-7.101944498364364624e+10
1.043584000000000067e+01,-1.193749999999999645e+00,-3.501576222425639038e+11,-8.295357020429667664e+10
1.067957000000000001e+01,-9.500200000000003087e-01,-3.429198312502062988e+11,-8.174869186755570984e+10
1.091140000000000043e+01,-7.181899999999998840e-01,-3.369060587696779785e+11,-8.087721126203359985e+10
1.115657000000000032e+01,-4.730199999999999960e-01,-1.675410455889793091e+11,-4.048652442600241089e+10
1.138683999999999941e+01,-2.427500000000009095e-01,-5.963293774835333252e+10,-1.449653074381291771e+10
1.162959000000000032e+01,0.000000000000000000e+00,8.072182998555084229e+10,1.974914331487762451e+10
1.185923999999999978e+01,2.296499999999994657e-01,8.224678368070933533e+10,2.024883842987580490e+10
1.210530999999999935e+01,4.757199999999990325e-01,1.370232200732006378e+11,3.395126988197192001e+10
1.233641000000000076e+01,7.068200000000004479e-01,7.436071902395387268e+10,1.852889257718152237e+10
1.256711999999999918e+01,9.375299999999988643e-01,1.394269769989400940e+11,3.499797259896877289e+10
1.279377000000000031e+01,1.164179999999999993e+00,9.031697584388154602e+10,2.281441791844121552e+10
1.302871000000000024e+01,1.399119999999999919e+00,1.357079914367756195e+11,3.452357352512948608e+10
1.324863999999999997e+01,1.619049999999999656e+00,9.955570112196308899e+10,2.549868622590746307e+10
1.347813999999999979e+01,1.848549999999999471e+00,1.172316220502983398e+11,3.023993739439528275e+10
1.371000000000000085e+01,2.080410000000000537e+00,9.056688595306048584e+10,2.353437176876560974e+10
1.393349000000000082e+01,2.303900000000000503e+00,1.010439302797035675e+11,2.645216984074229431e+10
1.415288999999999930e+01,2.523299999999998988e+00,8.242645975026690674e+10,2.174041632576213455e+10
1.437466000000000044e+01,2.745070000000000121e+00,9.384703312971844482e+10,2.494583134501783752e+10
1.459143000000000079e+01,2.961840000000000472e+00,7.315901146931701660e+10,1.959917873574393463e+10
1.480926999999999971e+01,3.179679999999999396e+00,9.167522308294410706e+10,2.475900845023722458e+10
1.502891999999999939e+01,3.399329999999999075e+00,7.705279143397062683e+10,2.098811306823192215e+10
1.524391999999999925e+01,3.614329999999998932e+00,6.708889157696457672e+10,1.843168191550933456e+10
1.545181000000000004e+01,3.822219999999999729e+00,5.848235695048230743e+10,1.620220633030385017e+10
1.567183999999999955e+01,4.042249999999999233e+00,6.515422342232270813e+10,1.821559254893776321e+10
1.587113000000000085e+01,4.241540000000000532e+00,4.953171291301304626e+10,1.397222163537972069e+10
1.610602000000000089e+01,4.476430000000000575e+00,5.869234753598365021e+10,1.671040913113433838e+10
1.628831999999999880e+01,4.658729999999998483e+00,4.627055608235600281e+10,1.329893186891412163e+10
1.649823999999999913e+01,4.868649999999998812e+00,5.890238894709624481e+10,1.710426750249120331e+10
1.670649999999999835e+01,5.076909999999998035e+00,4.583308349692698669e+10,1.343992589506984138e+10
1.692171000000000092e+01,5.292120000000000601e+00,4.418478180626389313e+10,1.309396288437289047e+10
1.712463999999999942e+01,5.495049999999999102e+00,3.635161614619512939e+10,1.088324426024253273e+10
1.735263000000000133e+01,5.723040000000001015e+00,3.929757914730471039e+10,1.189667394401051331e+10
1.759638999999999953e+01,5.966799999999999216e+00,2.674793868583039856e+10,8.184901091433059692e+09
1.781792000000000087e+01,6.188330000000000553e+00,3.122322311504094696e+10,9.665270798562269211e+09
1.804948999999999870e+01,6.419899999999998386e+00,2.779089896026683807e+10,8.704288214462242126e+09
1.827683000000000035e+01,6.647240000000000038e+00,3.056760989421519470e+10,9.686388903528110504e+09
1.851661000000000001e+01,6.887019999999999698e+00,2.549189959900117111e+10,8.183928535972382545e+09
1.874510000000000076e+01,7.115510000000000446e+00,2.409662368980744934e+10,7.834115900574720383e+09
1.897848000000000113e+01,7.348890000000000811e+00,2.157727275825851440e+10,7.107558086425601959e+09
1.922476999999999947e+01,7.595179999999999154e+00,2.103928339756279755e+10,7.023884416085422516e+09
1.946019000000000077e+01,7.830600000000000449e+00,1.446308628783717537e+10,4.891623443360361099e+09
1.970400000000000063e+01,8.074410000000000309e+00,1.687896034443997002e+10,5.792484306725048065e+09
1.993162999999999840e+01,8.302039999999998088e+00,1.472052753054460907e+10,5.123877576813542366e+09
2.015972999999999971e+01,8.530139999999999390e+00,1.574642326529119873e+10,5.564642883163468361e+09
2.040053999999999945e+01,8.770949999999999136e+00,1.194081401731921959e+10,4.286807647077238560e+09
2.063441999999999865e+01,9.004829999999998336e+00,1.294028182223078918e+10,4.725283183669878006e+09
2.087453000000000003e+01,9.244939999999999714e+00,1.058647493985865593e+10,3.930157989520359516e+09
2.111340999999999823e+01,9.483819999999997918e+00,1.053659984131919861e+10,3.980745642968622684e+09
2.135333999999999932e+01,9.723749999999999005e+00,7.012697372964340210e+09,2.695202724094515324e+09
2.158486999999999867e+01,9.955279999999998353e+00,9.030216955758056641e+09,3.538354520042302608e+09
2.182986000000000004e+01,1.020026999999999973e+01,6.989895577139575958e+09,2.791030940149465561e+09
2.204867000000000132e+01,1.041908000000000101e+01,7.068936346988535881e+09,2.878234990387778282e+09
2.230491999999999919e+01,1.067532999999999888e+01,5.925646155236050606e+09,2.466255021001109600e+09
2.253744999999999976e+01,1.090785999999999945e+01,6.029012762984880447e+09,2.567083174532486439e+09
2.278159000000000134e+01,1.115200000000000102e+01,4.651007411968233109e+09,2.024956180060344458e+09
2.302436000000000149e+01,1.139477000000000118e+01,4.210427397227826595e+09,1.878600692828771591e+09
2.325795000000000101e+01,1.162836000000000070e+01,3.600600455399481773e+09,1.648102159370872259e+09
2.349569999999999936e+01,1.186610999999999905e+01,3.669508261856942654e+09,1.724756946495084763e+09
2.375113999999999947e+01,1.212154999999999916e+01,3.035457673544682980e+09,1.468429533579998255e+09
2.397109000000000023e+01,1.234149999999999991e+01,2.993258058915972710e+09,1.491313025481865406e+09
2.422297999999999973e+01,1.259338999999999942e+01,2.708127790267508507e+09,1.395453191831468582e+09
2.445877000000000123e+01,1.282918000000000092e+01,2.361752331642442703e+09,1.259053601582673073e+09
2.469559999999999889e+01,1.306600999999999857e+01,1.849043148461857319e+09,1.021581090644896626e+09
2.493853999999999971e+01,1.330894999999999939e+01,1.758780338595756054e+09,1.013302719686805725e+09
2.518324000000000140e+01,1.355365000000000109e+01,1.364992342785184145e+09,8.195723910381308794e+08
2.542417999999999978e+01,1.379458999999999946e+01,1.290801911666711807e+09,8.130831198565866947e+08
2.566717999999999833e+01,1.403758999999999801e+01,9.797928556523598433e+08,6.493753024596406221e+08
2.589830999999999861e+01,1.426871999999999829e+01,1.031838327071839929e+09,7.256500028254042864e+08
2.613316000000000017e+01,1.450356999999999985e+01,8.048182549343354702e+08,6.055669180882858038e+08
2.638042000000000087e+01,1.475083000000000055e+01,6.622937064460554123e+08,5.383146188629065752e+08
2.662310000000000088e+01,1.499351000000000056e+01,5.080961839062302709e+08,4.533612226833214760e+08
2.686415999999999826e+01,1.523456999999999795e+01,4.923860597026600838e+08,4.908398950728600621e+08
2.710914999999999964e+01,1.547955999999999932e+01,2.988162666686534882e+08,3.419843018200719357e+08
2.734412999999999982e+01,1.571453999999999951e+01,2.407300845865425467e+08,3.342633008441162109e+08
2.759427000000000163e+01,1.596468000000000131e+01,1.552013795650675297e+08,3.032178714201408029e+08
